1.704359054565429688e-02
2.017552033066749573e-02
3.012079000473022461e-02
2.395167015492916107e-02
1.647794991731643677e-02
4.416612908244132996e-02
1.918450929224491119e-02
3.384450823068618774e-02
1.283441018313169479e-02
1.333351992070674896e-02
4.556370899081230164e-02
6.399382650852203369e-02
2.108764089643955231e-02
3.319203108549118042e-02
8.897356688976287842e-02
3.651063889265060425e-02
1.410282030701637268e-02
6.482827663421630859e-02
1.827188953757286072e-02
3.221613913774490356e-02
4.110667854547500610e-02
1.790880039334297180e-02
2.708457037806510925e-02
2.100409008562564850e-02
3.284280002117156982e-02
3.973862901329994202e-02
3.527779877185821533e-02
2.554124034941196442e-02
3.477530926465988159e-02
2.485183998942375183e-02
1.523703988641500473e-02
3.475804999470710754e-02
