2.165368990972638130e-03
4.382057115435600281e-03
7.783518172800540924e-03
3.744044108316302299e-03
2.758675022050738335e-03
5.571058019995689392e-03
1.598728005774319172e-03
4.139437805861234665e-03
2.007063943892717361e-03
3.176293103024363518e-03
4.526126198470592499e-03
4.788114223629236221e-03
4.118747077882289886e-03
2.722709905356168747e-03
7.767688948661088943e-03
8.462354540824890137e-03
2.312883036211133003e-03
9.045815095305442810e-03
2.117408905178308487e-03
5.376881919801235199e-03
3.670342965051531792e-03
2.715897979214787483e-03
1.980148022994399071e-03
1.677126972936093807e-03
4.333837889134883881e-03
4.456093069165945053e-03
4.683204926550388336e-03
3.063967917114496231e-03
2.561273984611034393e-03
3.274654969573020935e-03
3.220274113118648529e-03
1.626773970201611519e-03
3.496774937957525253e-03
1.837454037740826607e-03
9.044909849762916565e-03
2.831144956871867180e-03
3.426990006119012833e-03
2.737381029874086380e-03
2.469179918989539146e-03
4.290414042770862579e-03
2.401414094492793083e-03
6.343544926494359970e-03
4.794111941009759903e-03
7.205827161669731140e-03
2.432849025353789330e-03
2.768432023003697395e-03
1.742637017741799355e-03
4.005897790193557739e-03
1.546756015159189701e-03
3.569840919226408005e-03
1.974343089386820793e-03
3.864726983010768890e-03
3.244986059144139290e-03
1.882764976471662521e-03
3.254862967878580093e-03
3.242857987061142921e-03
2.154534915462136269e-03
1.713942037895321846e-03
4.118743818253278732e-03
2.475843066349625587e-03
2.774033928290009499e-03
3.146697068586945534e-03
5.334722809493541718e-03
3.117596963420510292e-03
3.094730898737907410e-03
2.639601007103919983e-03
4.318994935601949692e-03
4.302043002098798752e-03
4.286027047783136368e-03
5.375096108764410019e-03
2.916359109804034233e-03
2.743801102042198181e-03
5.449532065540552139e-03
2.514458959922194481e-03
3.901336109265685081e-03
2.369543071836233139e-03
5.535975098609924316e-03
5.665844772011041641e-03
1.756706042215228081e-03
6.405423860996961594e-03
9.700356051325798035e-03
1.850149012170732021e-03
2.517675049602985382e-03
6.959625985473394394e-03
4.217079840600490570e-03
4.905898123979568481e-03
3.287883941084146500e-03
6.912035867571830750e-03
6.794787012040615082e-03
2.273910911753773689e-03
2.519753063097596169e-03
2.227012999355792999e-03
2.659112913534045219e-03
2.005039947107434273e-03
2.181702060624957085e-03
2.202457981184124947e-03
5.414557177573442459e-03
2.722956007346510887e-03
3.481735009700059891e-03
4.102393984794616699e-03
5.825482774525880814e-03
1.709909993223845959e-03
1.778422039933502674e-03
1.639261026866734028e-03
2.425942104309797287e-03
3.929303027689456940e-03
4.966584965586662292e-03
5.808587186038494110e-03
3.010425018146634102e-03
4.429344087839126587e-03
6.775289773941040039e-03
2.054601907730102539e-03
3.070055041462182999e-03
4.249501042068004608e-03
4.200789146125316620e-03
3.539185039699077606e-03
3.936022985726594925e-03
2.008206909522414207e-03
3.210677998140454292e-03
3.349677892401814461e-03
7.796364836394786835e-03
3.665985073894262314e-03
3.270412096753716469e-03
1.626890967600047588e-03
3.274654969573020935e-03
8.053176105022430420e-03
6.903949193656444550e-03
5.586829967796802521e-03
3.576612100005149841e-03
2.665834035724401474e-03
4.457630217075347900e-03
2.288964111357927322e-03
2.164839999750256538e-03
2.354261931031942368e-03
2.291149925440549850e-03
4.932903219014406204e-03
8.911746554076671600e-03
3.856251947581768036e-03
2.467672107741236687e-03
1.706731971353292465e-03
9.463312104344367981e-03
2.536166086792945862e-02
1.990028889849781990e-03
2.996494062244892120e-03
1.796763972379267216e-03
4.827553872019052505e-03
6.033077836036682129e-03
5.462763831019401550e-03
3.224204992875456810e-03
1.717437990009784698e-03
2.702244091778993607e-03
7.036725059151649475e-03
7.117739878594875336e-03
5.672655999660491943e-03
1.976524945348501205e-03
2.274449914693832397e-03
4.710162058472633362e-03
5.137070082128047943e-03
2.417128998786211014e-03
2.692063106223940849e-03
3.105449955910444260e-03
2.169559942558407784e-03
3.778595943003892899e-03
3.083443967625498772e-03
8.218177594244480133e-03
3.569306107237935066e-03
2.042286098003387451e-03
4.058626014739274979e-03
2.250947058200836182e-03
3.625753102824091911e-03
5.291541106998920441e-03
4.471939988434314728e-03
1.273068017326295376e-03
3.144002985209226608e-03
5.559808108955621719e-03
3.963783849030733109e-03
2.499530091881752014e-03
1.659239991568028927e-03
2.459560055285692215e-03
4.058070015162229538e-03
4.628487862646579742e-03
3.232581075280904770e-03
2.264685928821563721e-03
2.455861074849963188e-03
5.708614829927682877e-03
3.032566979527473450e-03
1.835193950682878494e-03
4.638073965907096863e-03
3.929701168090105057e-03
2.544176066294312477e-03
2.627542940899729729e-03
2.191765932366251945e-03
2.594440011307597160e-03
4.356373101472854614e-03
2.646642038598656654e-03
3.903168020769953728e-03
4.454638808965682983e-03
2.752701053395867348e-03
5.235039163380861282e-03
5.267764907330274582e-03
4.355499055236577988e-03
4.569873213768005371e-03
7.453368161804974079e-04
1.812090980820357800e-03
7.964083924889564514e-03
2.816322026774287224e-03
3.212288953363895416e-03
2.474483102560043335e-03
2.296007936820387840e-03
1.979914959520101547e-03
1.627293997444212437e-03
4.100789781659841537e-03
3.438897896558046341e-03
1.731407945044338703e-03
3.405848983675241470e-03
2.511627972126007080e-03
5.449844989925622940e-03
2.497592940926551819e-03
4.425993189215660095e-03
4.443880170583724976e-03
4.760921001434326172e-03
4.640568047761917114e-03
2.867144066840410233e-03
5.081738810986280441e-03
3.467106958851218224e-03
2.121524885296821594e-03
1.974527956917881966e-03
3.301248885691165924e-03
2.001512097194790840e-03
5.378554109483957291e-03
2.563304966315627098e-03
4.499984905123710632e-03
2.495571039617061615e-03
4.938745871186256409e-03
4.635861143469810486e-03
2.151502994820475578e-03
3.332067979499697685e-03
2.233505016192793846e-03
1.960566965863108635e-03
2.052590018138289452e-03
2.065129112452268600e-03
2.932057948783040047e-03
3.471658099442720413e-03
2.465947065502405167e-03
9.301063604652881622e-03
3.271569032222032547e-03
4.208111204206943512e-03
5.654545966535806656e-03
3.157362109050154686e-03
6.563798990100622177e-03
5.374909844249486923e-03
6.923222914338111877e-03
1.243325043469667435e-02
7.624329999089241028e-03
8.271746337413787842e-03
7.714394014328718185e-03
