2.476940862834453583e-04
4.752379900310188532e-04
6.395417149178683758e-04
2.998537092935293913e-04
4.100995138287544250e-04
6.780946860089898109e-04
5.310712731443345547e-04
2.609773946460336447e-04
5.532733048312366009e-04
2.470313920639455318e-04
6.055412814021110535e-04
4.530003061518073082e-04
6.178154726512730122e-04
6.235002074390649796e-04
2.063457941403612494e-04
2.080847043544054031e-04
7.708661141805350780e-04
5.430838791653513908e-04
3.917212015949189663e-04
2.068166941171512008e-04
3.032156091649085283e-04
2.872778859455138445e-04
3.171619900967925787e-04
7.839765166863799095e-04
6.890071090310811996e-04
3.565413935575634241e-04
6.305939168669283390e-04
2.100751007674261928e-04
5.923890857957303524e-04
3.882228920701891184e-04
4.133133043069392443e-04
4.572930047288537025e-04
7.563509279862046242e-04
4.417186137288808823e-04
3.987353993579745293e-04
3.989461110904812813e-04
1.890054991235956550e-04
5.612348904833197594e-04
5.231613758951425552e-04
7.202359265647828579e-04
4.555176128633320332e-04
7.054429734125733376e-04
4.775726993102580309e-04
3.079964953940361738e-04
8.140964200720191002e-04
2.069103065878152847e-04
4.585885908454656601e-04
2.928687026724219322e-04
1.604614953976124525e-04
3.993221907876431942e-04
4.615969955921173096e-04
5.358200287446379662e-04
4.528400895651429892e-04
2.109120978275313973e-04
2.571120858192443848e-04
8.229127270169556141e-04
3.213089948985725641e-04
4.828218952752649784e-04
3.492716932669281960e-04
3.404647868592292070e-04
2.992500958498567343e-04
4.897374892607331276e-04
2.744490047916769981e-04
5.921369884163141251e-04
6.235396140255033970e-04
5.603968165814876556e-04
4.201550909783691168e-04
3.878368006553500891e-04
4.880788037553429604e-04
4.761326999869197607e-04
4.458526091184467077e-04
4.258523113094270229e-04
3.957218141295015812e-04
8.499638061039149761e-04
4.721175937447696924e-04
8.306984091177582741e-04
6.754277274012565613e-04
5.452512996271252632e-04
3.930357052013278008e-04
7.674461812712252140e-04
8.370773866772651672e-04
7.006939849816262722e-04
3.875250113196671009e-04
6.682798266410827637e-04
6.927432259544730186e-04
3.344180004205554724e-04
2.727954124566167593e-04
2.664141065906733274e-04
3.257729986216872931e-04
4.588782903738319874e-04
3.459909930825233459e-04
5.934534710831940174e-04
3.883347962982952595e-04
3.648881101980805397e-04
6.863077287562191486e-04
4.450984997674822807e-04
3.360293922014534473e-04
1.945957046700641513e-04
2.619219012558460236e-04
2.599403087515383959e-04
3.971779078710824251e-04
4.794553096871823072e-04
6.511037936434149742e-04
3.140874905511736870e-04
1.741095038596540689e-04
8.121188730001449585e-04
3.997388994321227074e-04
2.783396921586245298e-04
3.877397102769464254e-04
7.881075725890696049e-04
3.828082117252051830e-04
2.897033118642866611e-04
7.706193719059228897e-04
9.884622413665056229e-04
4.693190858233720064e-04
4.146367136854678392e-04
3.421209112275391817e-04
5.276468000374734402e-04
5.365122924558818340e-04
6.571778794750571251e-04
7.991396123543381691e-04
3.307203878648579121e-04
3.785660082940012217e-04
5.118753761053085327e-04
3.475190023891627789e-04
2.272890997119247913e-04
2.880615938920527697e-04
2.512146893423050642e-04
2.997322881128638983e-04
8.030232274904847145e-04
8.110062917694449425e-04
2.659652091097086668e-04
8.801022195257246494e-04
9.916708804666996002e-04
2.632547111716121435e-04
2.885964931920170784e-04
6.125076906755566597e-04
7.910762797109782696e-04
1.955477055162191391e-04
4.991304012946784496e-04
2.476208901498466730e-04
4.802607872989028692e-04
7.308520725928246975e-04
5.587026244029402733e-04
3.469455114100128412e-04
3.253153990954160690e-04
6.011254154145717621e-04
4.214122018311172724e-04
8.304453804157674313e-04
4.105292900931090117e-04
3.424664027988910675e-04
3.622320946305990219e-04
2.802627859637141228e-04
4.116939962841570377e-04
3.713094047270715237e-04
8.774800226092338562e-04
4.077616031281650066e-04
3.421047877054661512e-04
6.690737791359424591e-04
3.679844085127115250e-04
6.182279903441667557e-04
2.939536061603575945e-04
5.383001989684998989e-04
5.279093747958540916e-04
4.088956047780811787e-04
7.857513264752924442e-04
4.040217900183051825e-04
2.318407932762056589e-04
2.147855993825942278e-04
2.281721972394734621e-04
5.044902791269123554e-04
4.651799972634762526e-04
2.771374129224568605e-04
2.283593057654798031e-04
4.988759756088256836e-04
3.915044071618467569e-04
2.015086938627064228e-04
7.176449871622025967e-04
3.181434876751154661e-04
3.909401129931211472e-04
4.384471103549003601e-04
3.962295013479888439e-04
2.535484090913087130e-04
2.795291948132216930e-04
3.490010858513414860e-04
5.037543014623224735e-04
3.117076994385570288e-04
4.240341077093034983e-04
7.285990286618471146e-04
4.319816071074455976e-04
3.304592974018305540e-04
1.799355959519743919e-04
2.295222948305308819e-04
1.210420043207705021e-03
2.092044014716520905e-04
3.809779882431030273e-04
2.766204124782234430e-04
3.589066909626126289e-04
4.573581099975854158e-04
1.992853940464556217e-04
3.752507036551833153e-04
3.171064017806202173e-04
4.917341866530478001e-04
9.225729154422879219e-04
3.465538029558956623e-04
4.310827935114502907e-04
4.168536106590181589e-04
5.019049276597797871e-04
4.607879964169114828e-04
3.652774903457611799e-04
6.156722083687782288e-04
5.554279778152704239e-04
3.892011009156703949e-04
2.166088961530476809e-04
3.981491900049149990e-04
2.063730062218382955e-04
6.557396263815462589e-04
4.469109990168362856e-04
4.325067857280373573e-04
4.399642930366098881e-04
3.685521078296005726e-04
3.875266120303422213e-04
3.003038000315427780e-04
3.053327091038227081e-04
5.311701097525656223e-04
3.034250985365360975e-04
3.548722015693783760e-04
1.163388005807064474e-04
3.957005974370986223e-04
3.249662986490875483e-04
4.427127132657915354e-04
2.217894943896681070e-04
3.889366926159709692e-04
5.877328221686184406e-04
4.066984984092414379e-04
4.167486913502216339e-04
7.735036197118461132e-04
4.295670078136026859e-04
7.046731188893318176e-04
5.398627836257219315e-04
6.350831827148795128e-04
4.332601092755794525e-04
5.323325749486684799e-04
2.223765040980651975e-04
5.758645129390060902e-04
5.172868259251117706e-04
2.890517062041908503e-04
3.735386999323964119e-04
3.543239145074039698e-04
5.274859140627086163e-04
3.551577101461589336e-04
2.621122985146939754e-04
4.901288775727152824e-04
2.934348885901272297e-04
3.903802135027945042e-04
1.937768975039944053e-04
2.567216870374977589e-04
5.699578905478119850e-04
5.255970754660665989e-04
4.439732874743640423e-04
4.836152947973459959e-04
5.416172789409756660e-04
4.839785979129374027e-04
2.272871934110298753e-04
3.249399887863546610e-04
3.189936978742480278e-04
9.153364226222038269e-04
4.943141830153763294e-04
4.895821912214159966e-04
6.688290159218013287e-04
2.438642986817285419e-04
4.352614923845976591e-04
3.886685881298035383e-04
8.042408153414726257e-04
5.933081847615540028e-04
3.920512972399592400e-04
4.278481937944889069e-04
5.253875278867781162e-04
2.265582006657496095e-04
3.262789978180080652e-04
7.673128857277333736e-04
4.551314923446625471e-04
7.105213007889688015e-04
3.532246919348835945e-04
3.106766089331358671e-04
5.710513796657323837e-04
4.725366889033466578e-04
3.505075874272733927e-04
4.853520076721906662e-04
2.635082928463816643e-04
6.524766795337200165e-04
5.675100255757570267e-04
3.237760101910680532e-04
4.868746909778565168e-04
3.160802007187157869e-04
2.431455941405147314e-04
3.056490095332264900e-04
3.078771987929940224e-04
5.300457123667001724e-04
3.595601010601967573e-04
2.953888906631618738e-04
4.084802931174635887e-04
3.385123854968696833e-04
6.352660129778087139e-04
4.235754895489662886e-04
5.496956873685121536e-04
4.058871127199381590e-04
3.747000882867723703e-04
4.202524141874164343e-04
2.735104062594473362e-04
3.379285917617380619e-04
3.831679932773113251e-04
4.763145989272743464e-04
3.095100983045995235e-04
4.377679142635315657e-04
3.830335917882621288e-04
3.733950143214315176e-04
2.487068995833396912e-04
2.530594938434660435e-04
5.480208783410489559e-04
3.648610145319253206e-04
1.026251004077494144e-03
2.725163067225366831e-04
4.532622988335788250e-04
4.079363134223967791e-04
6.192245054990053177e-04
3.707839059643447399e-04
2.202134928666055202e-04
4.870833945460617542e-04
5.276519805192947388e-04
1.594366040080785751e-04
5.279813194647431374e-04
4.271994985174387693e-04
2.342344960197806358e-04
7.089789141900837421e-04
7.459715125150978565e-04
1.573542976984754205e-04
3.582634089980274439e-04
3.487702924758195877e-04
2.331547002540901303e-04
6.454574759118258953e-04
3.870401124004274607e-04
3.048339858651161194e-04
2.138612035196274519e-04
3.355875087436288595e-04
4.281784058548510075e-04
5.835783085785806179e-04
2.130023058271035552e-04
2.577771083451807499e-04
6.723867263644933701e-04
7.697265245951712132e-04
2.258479944430291653e-04
4.030489071737974882e-04
2.502932911738753319e-04
3.177036123815923929e-04
7.231101044453680515e-04
5.141712026670575142e-04
2.919569087680429220e-04
3.837076073978096247e-04
4.460008931346237659e-04
3.151296987198293209e-04
4.341946041677147150e-04
5.197445279918611050e-04
3.266060957685112953e-04
5.053766071796417236e-04
6.222206866368651390e-04
3.511222894303500652e-04
2.094117953674867749e-04
7.394371205009520054e-04
3.459806030150502920e-04
7.626453880220651627e-04
1.218987017637118697e-04
6.550084217451512814e-04
4.907735274173319340e-04
8.099856786429882050e-04
3.631878062151372433e-04
6.594645092263817787e-04
3.435359103605151176e-04
4.584096022881567478e-04
4.703651939053088427e-04
5.128713091835379601e-04
3.432226949371397495e-04
3.226549015380442142e-04
6.187529070302844048e-04
4.299113061279058456e-04
5.590232904069125652e-04
5.896660732105374336e-04
5.362455849535763264e-04
5.025261780247092247e-04
8.543523726984858513e-04
2.404857950750738382e-04
5.327772814780473709e-04
1.011410960927605629e-03
3.221110964659601450e-04
6.136595038697123528e-04
2.439468953525647521e-04
7.885025115683674812e-04
3.809648915193974972e-04
8.263384806923568249e-04
3.590671985875815153e-04
2.747453982010483742e-04
2.860800886992365122e-04
3.660394868347793818e-04
3.214920870959758759e-04
2.752598957158625126e-04
4.414629074744880199e-04
4.085024993401020765e-04
3.964540082961320877e-04
4.196946974843740463e-04
3.546118969097733498e-04
4.909370909444987774e-04
2.172720996895805001e-04
3.208025882486253977e-04
5.252349073998630047e-04
8.457038784399628639e-04
4.103837127331644297e-04
1.774601987563073635e-04
5.209143273532390594e-04
1.832954003475606441e-04
6.990775000303983688e-04
7.017211173661053181e-04
2.530764904804527760e-04
4.325158079154789448e-04
2.251471014460548759e-04
3.236597112845629454e-04
2.366419939789921045e-04
2.415118069620802999e-04
3.131235134787857533e-04
4.839733010157942772e-04
5.351210711523890495e-04
6.508011720143258572e-04
3.589933912735432386e-04
4.544596013147383928e-04
3.896311973221600056e-04
3.333977074362337589e-04
4.585504939313977957e-04
7.105796830728650093e-04
2.312831056769937277e-04
4.958509816788136959e-04
6.047553033567965031e-04
2.766230900306254625e-04
2.220098976977169514e-04
4.810024984180927277e-04
2.685778890736401081e-04
2.997860137838870287e-04
4.853460995946079493e-04
7.533574244007468224e-04
7.942629163153469563e-04
4.672356008086353540e-04
3.838595876004546881e-04
8.296560845337808132e-04
3.397213877178728580e-04
2.907133894041180611e-04
2.653361007105559111e-04
3.838693955913186073e-04
6.378401885740458965e-04
3.199561906512826681e-04
4.614822100847959518e-04
3.648372949101030827e-04
8.884752751328051090e-04
4.478208138607442379e-04
8.816629997454583645e-04
4.125747072976082563e-04
2.490874903742223978e-04
3.540063044056296349e-04
3.979259927291423082e-04
1.975069026229903102e-04
5.389165016822516918e-04
8.433167240582406521e-04
3.438398998696357012e-04
2.420827047899365425e-03
1.984397968044504523e-04
4.112297901883721352e-04
5.004808190278708935e-04
3.193166921846568584e-04
1.168687012977898121e-03
4.258434055373072624e-04
8.338044281117618084e-04
3.021199081558734179e-04
8.067482849583029747e-04
4.295975086279213428e-04
1.521415979368612170e-04
4.594493075273931026e-04
1.378175948048010468e-04
3.165820962749421597e-04
4.631493065971881151e-04
5.241276230663061142e-04
5.211929092183709145e-04
5.749228876084089279e-04
8.091375930234789848e-04
7.191193290054798126e-04
4.530863079708069563e-04
4.140870005358010530e-04
3.125600924249738455e-04
3.286649880465120077e-04
5.251073744148015976e-04
3.351052000652998686e-04
5.597487906925380230e-04
1.000373973511159420e-03
4.693355876952409744e-04
5.866619758307933807e-04
4.646655870601534843e-04
6.305875722318887711e-04
2.551813086029142141e-04
3.609688137657940388e-04
3.303718112874776125e-04
2.709667023736983538e-04
4.068998096045106649e-04
2.939015103038400412e-04
6.189210107550024986e-04
8.223926997743546963e-04
4.593507910612970591e-04
3.609627892728894949e-04
7.330357911996543407e-04
1.094672945328056812e-03
4.903926164843142033e-04
7.100473158061504364e-04
4.689217021223157644e-04
3.237086057197302580e-04
7.852680864743888378e-04
4.688217886723577976e-04
2.589290961623191833e-04
1.907651021610945463e-04
3.866653132718056440e-04
1.904067030409350991e-04
9.668541024439036846e-04
5.714754806831479073e-04
3.275308117736130953e-04
2.255738072562962770e-04
2.666563959792256355e-04
2.800681104417890310e-04
3.208935959264636040e-04
1.831151021178811789e-04
3.003712045028805733e-04
3.156338934786617756e-04
6.770144100300967693e-04
3.496069984976202250e-04
1.592921034898608923e-04
3.691042074933648109e-04
3.105569921899586916e-04
3.124412905890494585e-04
3.104977949988096952e-04
5.763258785009384155e-03
2.767842088360339403e-04
2.301929052919149399e-04
5.550312926061451435e-04
7.086127880029380322e-04
2.834002079907804728e-04
3.553426067810505629e-04
5.316716851666569710e-04
6.797697278670966625e-04
2.985016035381704569e-04
2.272134006489068270e-04
2.356073964620009065e-04
6.303794798441231251e-04
1.371265971101820469e-04
2.779503993224352598e-04
6.579293985851109028e-04
3.340542025398463011e-04
5.399783258326351643e-04
3.112418926320970058e-04
3.047129139304161072e-04
6.436972762458026409e-04
7.523553213104605675e-04
6.247354904189705849e-04
7.082482916302978992e-04
5.722867208532989025e-04
5.784516106359660625e-04
5.494278739206492901e-04
3.163845103699713945e-04
3.936470893677324057e-04
5.793790915049612522e-04
4.370312963146716356e-04
3.553192073013633490e-04
4.786968056578189135e-04
3.401974972803145647e-04
2.782710071187466383e-04
2.864717971533536911e-04
2.098500990541651845e-04
6.361264968290925026e-04
2.771148865576833487e-04
5.057086818851530552e-04
7.108100107870995998e-04
4.973842878825962543e-04
2.615117991808801889e-04
4.230877966620028019e-04
2.186587953474372625e-04
6.660572835244238377e-04
3.973999992012977600e-04
2.876202051993459463e-04
4.725721955765038729e-04
6.244594114832580090e-04
4.231570055708289146e-04
1.863959041656926274e-04
1.925616961671039462e-04
3.076374996453523636e-04
2.360187936574220657e-04
2.914885990321636200e-04
4.504155076574534178e-04
2.085000014631077647e-04
5.002223770134150982e-04
5.937918904237449169e-04
3.930183884222060442e-04
3.713248006533831358e-04
9.897910058498382568e-04
4.340079030953347683e-04
2.982729929499328136e-04
2.523364091757684946e-04
6.699265795759856701e-04
2.678007876966148615e-04
3.101871989201754332e-04
3.416716062929481268e-04
2.843938127625733614e-04
2.259846951346844435e-04
1.702156005194410682e-04
3.176573954988270998e-04
4.188682942185550928e-04
7.661925046704709530e-04
4.403477068990468979e-04
6.573142018169164658e-04
3.243956016376614571e-04
2.612179960124194622e-04
4.245133022777736187e-04
3.219661011826246977e-04
6.231461884453892708e-04
1.777542056515812874e-04
3.115166909992694855e-04
6.112310220487415791e-04
2.606144989840686321e-04
3.807538887485861778e-04
7.214943179860711098e-04
4.310029908083379269e-04
7.276078104041516781e-04
5.323516088537871838e-04
3.175277961418032646e-04
8.561384747736155987e-04
3.761113912332803011e-04
2.575143007561564445e-04
4.229918122291564941e-04
6.592295248992741108e-04
4.028493131045252085e-04
6.283167167566716671e-04
4.639012913685292006e-04
3.472277894616127014e-04
2.460796968080103397e-04
3.702499961946159601e-04
3.430439974181354046e-04
4.432727000676095486e-04
4.564659902825951576e-04
3.389015910215675831e-04
7.484736270271241665e-04
3.554100985638797283e-04
3.493604890536516905e-04
8.517518290318548679e-04
5.862772231921553612e-04
7.437802269123494625e-04
6.961824255995452404e-04
3.259000950492918491e-04
5.849325098097324371e-04
4.992987960577011108e-04
4.947736742906272411e-04
1.848561951192095876e-04
5.155110266059637070e-04
5.272203125059604645e-04
8.054769714362919331e-04
4.095190088264644146e-04
4.052451113238930702e-04
5.721758934669196606e-04
4.208330065011978149e-04
4.905500099994242191e-04
3.956806031055748463e-04
6.449528736993670464e-04
4.999745287932455540e-04
2.641541068442165852e-04
3.139016916975378990e-04
5.814330070279538631e-04
1.713767996989190578e-04
3.770785115193575621e-04
2.710110857151448727e-04
4.994174814783036709e-04
6.369987968355417252e-04
3.951314138248562813e-04
4.376595024950802326e-04
3.401149879209697247e-04
4.891100106760859489e-04
2.245211944682523608e-04
4.642721905838698149e-04
4.385854117572307587e-04
2.661538892425596714e-04
3.936899011023342609e-04
3.924551128875464201e-04
5.179651780053973198e-04
6.083612097427248955e-04
5.659731104969978333e-04
4.048836126457899809e-04
5.206398782320320606e-04
4.128997970838099718e-04
5.637801950797438622e-04
4.272206861060112715e-04
3.620907955337315798e-04
3.475054109003394842e-04
3.098052984569221735e-04
3.053947002626955509e-04
4.527679993771016598e-04
6.463269237428903580e-04
5.250599933788180351e-04
4.692192887887358665e-04
1.724372996250167489e-04
2.842438116203993559e-04
3.267822030466049910e-04
6.037079147063195705e-04
3.573246067389845848e-04
4.412427952047437429e-04
3.990709956269711256e-04
3.831636859104037285e-04
3.111805999651551247e-04
4.009410040453076363e-04
3.937392029911279678e-04
3.191014111507683992e-04
3.035287954844534397e-04
8.688865927979350090e-04
3.688666038215160370e-04
4.100800142623484135e-04
4.290943033993244171e-04
4.452416906133294106e-04
6.028081988915801048e-04
4.507967096287757158e-04
3.484284970909357071e-04
3.394141094759106636e-04
4.720533906947821379e-04
3.011029039043933153e-04
3.280190867371857166e-04
4.026028909720480442e-04
3.229703870601952076e-04
3.673470928333699703e-04
4.584568087011575699e-04
3.012293891515582800e-04
3.646266122814267874e-04
3.739238018169999123e-04
5.124812014400959015e-04
3.118666936643421650e-04
4.602303088176995516e-04
2.564186870586127043e-04
3.807712928391993046e-04
1.398856984451413155e-03
4.522876115515828133e-04
7.585338898934423923e-04
6.025364855304360390e-04
6.689748843200504780e-04
7.575675263069570065e-04
6.719123921357095242e-04
2.790839062072336674e-04
4.271756915841251612e-04
3.080868045799434185e-04
6.882129237055778503e-04
4.346987116150557995e-04
5.997939151711761951e-04
4.879808984696865082e-04
4.262189904693514109e-04
5.974600790068507195e-04
4.097220080439001322e-04
7.509373826906085014e-04
1.722809975035488605e-04
2.464078133925795555e-04
2.507258905097842216e-04
4.488539125304669142e-04
7.170506287366151810e-04
3.289438027422875166e-04
6.376081728376448154e-04
6.763709825463593006e-04
4.404810897540301085e-04
6.946513894945383072e-04
6.881257868371903896e-04
2.860125096049159765e-04
3.667623095680028200e-04
1.790015958249568939e-04
2.951427886728197336e-04
6.096368888393044472e-04
2.766728866845369339e-04
3.664951073005795479e-04
6.121289916336536407e-04
3.746481961570680141e-04
5.766046815551817417e-04
2.259202010463923216e-04
2.614512923173606396e-04
5.470542819239199162e-04
2.846101997420191765e-04
3.369025944266468287e-04
4.882185894530266523e-04
2.075291995424777269e-04
1.747120986692607403e-04
3.318082890473306179e-04
3.939077141694724560e-04
5.518097896128892899e-04
5.040682735852897167e-04
3.095073043368756771e-04
4.821988113690167665e-04
2.776021137833595276e-04
4.295351100154221058e-04
3.758438106160610914e-04
4.854593134950846434e-04
3.797470126301050186e-04
3.082632028963416815e-04
2.830975863616913557e-04
1.912798034027218819e-04
2.648349036462605000e-04
6.283764960244297981e-04
2.426186983939260244e-04
6.966696819290518761e-04
5.114254890941083431e-04
3.456780104897916317e-04
3.274290065746754408e-04
5.508785834535956383e-04
3.631413856055587530e-04
2.700542099773883820e-04
3.285997081547975540e-04
3.842473961412906647e-04
2.384107938269153237e-04
6.855786195956170559e-04
6.078014848753809929e-04
7.263168809004127979e-04
3.687657008413225412e-04
3.114074934273958206e-04
4.269419878255575895e-04
4.673677904065698385e-04
2.799264038912951946e-04
7.474872982129454613e-04
3.790840855799615383e-04
3.268563013989478350e-04
7.166562718339264393e-04
2.941139973700046539e-04
6.260182126425206661e-04
7.172300247475504875e-04
3.559991891961544752e-04
3.558523021638393402e-04
7.061869837343692780e-04
5.145859904587268829e-04
5.091775092296302319e-04
3.239855868741869926e-04
6.840729038231074810e-04
5.605592741630971432e-04
4.011254932265728712e-04
4.374845011625438929e-04
5.745838279835879803e-04
3.695451014209538698e-04
6.662209052592515945e-04
7.067106198519468307e-04
8.040994289331138134e-04
3.711805911734700203e-04
6.962561747059226036e-04
7.364678895100951195e-04
2.686528896447271109e-04
4.395757860038429499e-04
6.787644233554601669e-04
5.363270174711942673e-04
3.620457137003540993e-04
6.867842748761177063e-04
6.878483109176158905e-04
2.350162976654246449e-04
1.935112959472462535e-04
2.625387860462069511e-04
5.361019866541028023e-04
2.465448924340307713e-04
5.079847178421914577e-04
4.784660122822970152e-04
5.775127792730927467e-04
3.790192131418734789e-04
5.489538889378309250e-04
4.679516132455319166e-04
2.650954120326787233e-04
3.816868993453681469e-04
5.033963243477046490e-04
5.770464194938540459e-04
4.413810966070741415e-04
3.274139016866683960e-04
1.305756974034011364e-03
3.627791884355247021e-04
2.921650011558085680e-04
2.085947053274139762e-04
6.340799154713749886e-04
7.829003734514117241e-04
2.610892988741397858e-04
4.632956988643854856e-04
3.058460133615881205e-04
1.897386973723769188e-04
2.746469981502741575e-04
2.776061883196234703e-04
3.251110902056097984e-04
4.313866083975881338e-04
5.873751942999660969e-04
7.080144132487475872e-04
3.385815944056957960e-04
3.958597080782055855e-04
4.773116088472306728e-04
2.841383975464850664e-04
3.076824941672384739e-04
2.377989003434777260e-04
4.756351991090923548e-04
4.143322876188904047e-04
4.785275086760520935e-04
8.717532036826014519e-04
5.296106101013720036e-04
6.282863905653357506e-04
2.434751950204372406e-04
3.173761942889541388e-04
4.871712881140410900e-04
6.242283852770924568e-04
3.643076051957905293e-04
2.624960907269269228e-04
3.243334067519754171e-04
6.659742793999612331e-04
3.792108909692615271e-04
4.876320017501711845e-04
5.432502948679029942e-04
3.895481058862060308e-04
2.648628142196685076e-04
3.584949881769716740e-04
6.534304120577871799e-04
4.580600070767104626e-04
4.754014080390334129e-04
4.172280023340135813e-04
2.473662025295197964e-04
1.007784041576087475e-03
4.223400028422474861e-04
5.036885268054902554e-04
5.664093769155442715e-04
8.276046137325465679e-04
4.675954987760633230e-04
3.737157967407256365e-04
5.576906260102987289e-04
3.033503016922622919e-04
4.181182885076850653e-04
4.480856878217309713e-04
5.051153711974620819e-04
1.095987041480839252e-03
4.308386123739182949e-04
1.471683062845841050e-04
6.518617155961692333e-04
2.837535867001861334e-04
4.475516034290194511e-04
8.981996215879917145e-04
5.382081144489347935e-04
3.915212873835116625e-04
6.247761193662881851e-04
4.430433909874409437e-04
5.054089124314486980e-04
6.339835817925632000e-04
1.638561952859163284e-04
3.734019119292497635e-04
3.950828104279935360e-04
2.888067974708974361e-04
3.241976082790642977e-04
4.159673990216106176e-04
5.279757897369563580e-04
5.639701266773045063e-04
6.338140810839831829e-04
3.820194979198276997e-04
6.669692229479551315e-04
2.566729963291436434e-04
5.449964082799851894e-04
4.866704111918807030e-04
4.393527051433920860e-04
4.304698959458619356e-04
4.545605042949318886e-04
5.539634148590266705e-04
4.035595047753304243e-04
5.662505282089114189e-04
6.106431828811764717e-04
3.224072861485183239e-04
2.816512132994830608e-04
5.694680148735642433e-04
3.497765865176916122e-04
2.167409984394907951e-04
6.051384843885898590e-04
5.556858959607779980e-04
7.750581135042011738e-04
2.862655965145677328e-04
3.222289087716490030e-04
9.837070247158408165e-04
3.148959949612617493e-04
7.968894205987453461e-04
7.234435761347413063e-04
7.106781122274696827e-04
8.544204756617546082e-04
3.418237029109150171e-04
8.528259932063519955e-04
4.278041888028383255e-04
5.321970093064010143e-04
7.149538956582546234e-03
2.439656964270398021e-04
3.470916999503970146e-04
4.668938927352428436e-04
5.993418744765222073e-04
5.717087187804281712e-04
5.222355248406529427e-04
3.862213925458490849e-04
4.284793976694345474e-04
2.462310076225548983e-04
8.028664742596447468e-04
3.510306996759027243e-04
3.711045137606561184e-04
5.631286767311394215e-04
4.552193859126418829e-04
2.156668051611632109e-04
3.428334021009504795e-04
3.691953897941857576e-04
2.576030092313885689e-04
2.878745144698768854e-04
5.484835128299891949e-04
4.537538043223321438e-04
3.124153008684515953e-04
7.052465225569903851e-04
3.035459085367619991e-04
3.422340087126940489e-04
3.497510915622115135e-04
4.503875097725540400e-04
6.359366234391927719e-04
2.025737048825249076e-04
2.948766923509538174e-04
4.377808072604238987e-04
3.176745085511356592e-04
5.472861812449991703e-04
5.922542768530547619e-04
2.959115954581648111e-04
4.053649900015443563e-04
6.038359133526682854e-04
4.474867891985923052e-04
3.108675009571015835e-04
2.896527876146137714e-04
1.423801004420965910e-04
2.959895064122974873e-04
1.968847063835710287e-04
3.818435943685472012e-04
3.554346913006156683e-04
3.278737131040543318e-04
2.414304035482928157e-04
3.962421906180679798e-04
5.069185863249003887e-04
5.384546821005642414e-04
2.565959875937551260e-04
1.874337031040340662e-04
7.550807786174118519e-04
8.362882072106003761e-04
2.654445997904986143e-04
2.413951006019487977e-04
3.486094065010547638e-04
4.133082111366093159e-04
8.983986917883157730e-04
3.015066904481500387e-04
2.955799864139407873e-04
4.148356965743005276e-04
3.382386930752545595e-04
3.272932954132556915e-04
3.219993086531758308e-04
2.877261140383780003e-04
7.468542899005115032e-04
3.287185099907219410e-04
3.195694880560040474e-04
3.912730026058852673e-04
7.224368746392428875e-04
3.002599987667053938e-04
4.208383907098323107e-04
3.654551110230386257e-04
3.781079140026122332e-04
5.001773824915289879e-04
6.389085901901125908e-04
6.002191221341490746e-04
3.541850892361253500e-04
4.006557865068316460e-04
5.014748894609510899e-04
2.560316061135381460e-04
1.614926004549488425e-04
4.126765998080372810e-04
3.054880071431398392e-04
2.202283940277993679e-04
2.069546026177704334e-04
7.559356163255870342e-04
5.909483879804611206e-04
5.700081237591803074e-04
4.206146986689418554e-04
3.751539043150842190e-04
3.916510904673486948e-04
5.788964917883276939e-04
5.115587846376001835e-04
3.025062906090170145e-04
2.985082974191755056e-04
4.299113061279058456e-04
3.737185907084494829e-04
5.345285171642899513e-04
6.512082181870937347e-04
5.149096250534057617e-04
1.875180023489519954e-04
8.819426875561475754e-04
7.438380853272974491e-04
2.823348913807421923e-04
3.455335099715739489e-04
4.590660973917692900e-04
3.716622886713594198e-04
4.562835092656314373e-04
4.401560872793197632e-04
5.672990810126066208e-04
4.157325893174856901e-04
4.638399987015873194e-04
4.008541000075638294e-04
1.573397021275013685e-04
5.627353093586862087e-04
4.694827948696911335e-04
5.613703979179263115e-04
1.598163071321323514e-04
3.822770959232002497e-04
3.376159875188022852e-04
7.372446125373244286e-04
4.113623872399330139e-04
4.820848116651177406e-04
5.237453151494264603e-04
3.124038048554211855e-04
2.204796037403866649e-04
4.249153134878724813e-04
4.021500062663108110e-04
3.442396118771284819e-04
2.393807953922078013e-04
8.156250114552676678e-04
1.175825949758291245e-03
6.642356165684759617e-04
3.752468037419021130e-04
5.256967851892113686e-04
4.007414099760353565e-04
2.950129855889827013e-04
4.749406944029033184e-04
3.168993862345814705e-04
6.932977121323347092e-04
7.644339930266141891e-04
5.784590030089020729e-04
3.607973048929125071e-04
2.211407991126179695e-04
4.073985037393867970e-04
4.933404852636158466e-04
4.740337899420410395e-04
2.107064065057784319e-04
8.000463130883872509e-04
4.356610879767686129e-04
6.201926153153181076e-04
1.814605057006701827e-04
3.400263085495680571e-04
4.905203823000192642e-04
3.369440964888781309e-04
6.836741813458502293e-04
2.218769950559362769e-04
8.744394290260970592e-04
6.773031782358884811e-04
3.169266856275498867e-04
5.943938740529119968e-04
5.745334201492369175e-04
6.728852749802172184e-04
4.146563005633652210e-04
5.199114093557000160e-04
5.803107051178812981e-04
1.801379985408857465e-04
7.349111838266253471e-04
5.090854247100651264e-04
2.822515089064836502e-04
5.262938211672008038e-04
2.683585917111486197e-04
6.353642093017697334e-04
6.545821088366210461e-04
3.587531100492924452e-04
2.309964969754219055e-03
4.068920097779482603e-04
3.537579032126814127e-04
5.294723086990416050e-04
1.633845968171954155e-04
3.015747934114187956e-04
3.075441054534167051e-04
6.785811856389045715e-04
3.345549048390239477e-04
4.515094042290002108e-04
3.056960122194141150e-04
6.589142140001058578e-04
6.177307222969830036e-04
1.704286987660452724e-04
2.823313989210873842e-04
3.864236932713538408e-04
3.959198074880987406e-04
5.512777133844792843e-04
2.507113968022167683e-04
2.317658945685252547e-04
8.509593899361789227e-04
5.219436134211719036e-04
4.266751930117607117e-04
6.943378248251974583e-04
4.595626087393611670e-04
5.917783710174262524e-04
5.504969158209860325e-04
2.087290049530565739e-04
8.302578935399651527e-04
3.251733141951262951e-04
3.887061902787536383e-04
5.242371116764843464e-04
3.070546954404562712e-04
8.598535205237567425e-04
3.767246962524950504e-04
7.208125898614525795e-04
3.488316142465919256e-04
1.620780967641621828e-04
6.542286137118935585e-04
1.134278951212763786e-03
5.896419752389192581e-04
4.441901983227580786e-04
5.316659226082265377e-04
1.629124017199501395e-04
4.070822906214743853e-04
5.803257226943969727e-04
7.661735289730131626e-04
8.361503132618963718e-04
6.841975264251232147e-04
4.785617056768387556e-04
3.742605040315538645e-04
1.102703041397035122e-03
6.145135848782956600e-04
6.299411179497838020e-04
4.070294089615345001e-04
2.477653906680643559e-04
5.321472999639809132e-04
4.134651971980929375e-04
4.473988956306129694e-04
4.191022890154272318e-04
2.661281905602663755e-04
4.646574088837951422e-04
5.575845134444534779e-04
5.610377993434667587e-04
3.286508144810795784e-04
4.713560920208692551e-04
2.645165950525552034e-04
3.056369023397564888e-04
6.634498713538050652e-04
6.122926133684813976e-04
3.186562098562717438e-04
5.370338913053274155e-04
7.474505109712481499e-04
1.584627025295048952e-04
8.825709228403866291e-04
6.396705284714698792e-04
5.862907273694872856e-04
4.574044141918420792e-04
7.884543738327920437e-04
4.173410998191684484e-04
3.038521099369972944e-04
7.558960933238267899e-04
4.823140043299645185e-04
4.686588945332914591e-04
2.792880113702267408e-04
4.230137856211513281e-04
5.480793770402669907e-04
3.177387116011232138e-04
4.573508049361407757e-04
6.229687132872641087e-04
3.654792089946568012e-04
4.249796038493514061e-04
2.564495953265577555e-04
6.042539025656878948e-04
3.236072079744189978e-04
1.578314986545592546e-04
6.055484991520643234e-04
3.500365128275007010e-04
3.982892085332423449e-04
2.111175999743863940e-04
9.289961890317499638e-04
3.464545006863772869e-04
6.021282752044498920e-04
2.678511082194745541e-04
2.140579017577692866e-04
1.497390039730817080e-04
5.700503825210034847e-04
4.508942074608057737e-04
7.897653267718851566e-04
3.192544972989708185e-04
2.094436931656673551e-04
2.530101919546723366e-04
2.264419017592445016e-04
5.762156215496361256e-04
3.433722886256873608e-04
3.841195139102637768e-04
6.197023903951048851e-04
3.583217912819236517e-04
4.865507071372121572e-04
3.412252990528941154e-04
5.233100964687764645e-04
2.155533002223819494e-04
3.161178028676658869e-04
5.819749203510582447e-04
4.988727741874754429e-04
4.367677029222249985e-04
4.511637089308351278e-04
4.973631002940237522e-04
3.804946900345385075e-04
8.610006771050393581e-04
4.776704008691012859e-04
2.396807976765558124e-04
5.378905916586518288e-04
7.705466123297810555e-04
7.492799777537584305e-04
3.016926930285990238e-04
4.750691005028784275e-04
7.404891075566411018e-04
5.032687913626432419e-04
5.258229211904108524e-04
3.968635865021497011e-04
2.941740967798978090e-04
2.957065880764275789e-04
6.558704189956188202e-04
4.279036947991698980e-04
3.521924954839050770e-04
2.809205034282058477e-04
1.694404054433107376e-04
3.508859081193804741e-04
2.851107856258749962e-04
2.425052953185513616e-04
5.544556770473718643e-04
3.517456934787333012e-04
4.566549032460898161e-04
3.872266970574855804e-04
3.373769868630915880e-04
2.069901966024190187e-04
9.080443996936082840e-04
2.777045010589063168e-04
3.005595062859356403e-04
2.632884134072810411e-04
4.724941973108798265e-04
3.978865861427038908e-04
5.473343189805746078e-04
4.583217087201774120e-04
3.931205137632787228e-04
6.356037920340895653e-04
7.300233119167387486e-04
6.459230789914727211e-04
2.808569988701492548e-04
5.336618050932884216e-04
3.904030891135334969e-04
4.390463873278349638e-04
5.163672030903398991e-04
5.903131095692515373e-04
4.896998871117830276e-04
3.074264095630496740e-04
6.115714204497635365e-04
7.461804780177772045e-04
4.673378134611994028e-04
5.661622853949666023e-04
5.573080852627754211e-04
5.081992130726575851e-04
5.503161810338497162e-04
2.414610062260180712e-04
4.038148908875882626e-04
1.117945997975766659e-03
4.060007922817021608e-04
2.663824998307973146e-04
6.124100764282047749e-04
6.357033271342515945e-04
4.066760884597897530e-04
4.130369925405830145e-04
5.741463974118232727e-04
2.847407886292785406e-04
6.009124917909502983e-04
5.070170154795050621e-04
5.968511104583740234e-04
5.563307786360383034e-04
2.360078069614246488e-04
4.074652097187936306e-04
5.098052788525819778e-04
6.985611980780959129e-04
5.864200065843760967e-04
4.082946979906409979e-04
5.473255878314375877e-04
3.597798931878060102e-04
4.796482098754495382e-04
3.273171023465692997e-04
4.907163092866539955e-04
2.588503120932728052e-04
4.395449941512197256e-04
2.280945045640692115e-04
6.572026759386062622e-04
8.141156868077814579e-04
4.498343914747238159e-04
5.677458248101174831e-04
3.909844090230762959e-04
6.165583035908639431e-04
6.714246119372546673e-04
3.226803091820329428e-04
5.135799874551594257e-04
6.134812138043344021e-04
5.428714794106781483e-04
3.976208099629729986e-04
3.227819106541574001e-04
4.269957134965807199e-04
8.465445134788751602e-04
3.773047938011586666e-04
4.691448120865970850e-04
4.434022994246333838e-04
4.594020138029009104e-04
3.017894923686981201e-04
4.721244040410965681e-04
7.745248149149119854e-04
5.742394132539629936e-04
2.793828898575156927e-04
3.658075875137001276e-04
4.672576033044606447e-04
6.805391749367117882e-04
4.030141863040626049e-04
2.721151104196906090e-04
4.053582088090479374e-04
8.694808930158615112e-04
2.386491978541016579e-04
4.036987083964049816e-04
8.843935793265700340e-04
2.860267995856702328e-04
3.522397018969058990e-04
3.219675854779779911e-04
2.343996020499616861e-04
4.743206955026835203e-04
1.507614069851115346e-04
3.856917901430279016e-04
2.717734023462980986e-04
5.330878775566816330e-04
8.790165884420275688e-04
3.964111965615302324e-04
4.445161903277039528e-04
5.669837119057774544e-04
4.802489129360765219e-04
4.419320903252810240e-04
6.245949771255254745e-04
4.235864907968789339e-04
6.537719746120274067e-04
4.523021052591502666e-04
2.723138895817101002e-04
2.339056925848126411e-03
4.991468158550560474e-04
6.628527771681547165e-04
6.329140742309391499e-04
3.553406859282404184e-04
4.857392050325870514e-04
3.233359020669013262e-04
4.985168925486505032e-04
6.559714092873036861e-04
3.709032025653868914e-04
6.285245181061327457e-04
3.170020936522632837e-04
4.209617909509688616e-04
6.057692226022481918e-04
2.460133982822299004e-04
6.602340145036578178e-04
6.776198861189186573e-04
4.006806993857026100e-04
7.625423022545874119e-04
4.562246904242783785e-04
5.677149165421724319e-04
2.783641102723777294e-04
4.481748910620808601e-04
2.822393144015222788e-04
5.235788994468748569e-04
4.290144133847206831e-04
3.307918086647987366e-04
4.502731026150286198e-04
2.284070942550897598e-04
3.841593861579895020e-04
2.997643896378576756e-04
3.428715863265097141e-04
2.603851899039000273e-04
3.750991891138255596e-04
4.400007892400026321e-04
3.694075858220458031e-04
2.866461873054504395e-04
1.128682983107864857e-03
1.678988046478480101e-04
4.609994939528405666e-04
4.376147117000073195e-04
5.086460732854902744e-04
2.903878048527985811e-04
2.844296977855265141e-04
6.126625812612473965e-04
3.721918910741806030e-04
6.666744011454284191e-04
2.781774091999977827e-04
5.954121006652712822e-04
2.923058054875582457e-04
2.192622050642967224e-04
3.718672087416052818e-04
2.630065137054771185e-04
2.853347104974091053e-04
1.174226999864913523e-04
3.946053038816899061e-04
8.775801979936659336e-04
7.203000131994485855e-04
2.929889888036996126e-04
4.144239064771682024e-04
2.735336893238127232e-04
8.357717888429760933e-04
6.503416807390749454e-04
3.046985075343400240e-04
5.035470239818096161e-04
2.812904131133109331e-04
4.509385908022522926e-04
1.740601001074537635e-04
5.636598798446357250e-04
7.497150218114256859e-04
4.485457902774214745e-04
3.779038088396191597e-04
2.854921040125191212e-04
1.804922067094594240e-04
4.050703137181699276e-04
2.775788889266550541e-04
5.358700873330235481e-04
3.220135113224387169e-04
1.363298943033441901e-04
3.528260858729481697e-04
3.115283907391130924e-04
3.233519091736525297e-04
1.991004974115639925e-04
8.573256200179457664e-04
2.116273972205817699e-04
3.104259958490729332e-04
5.719630862586200237e-04
2.436563954688608646e-04
3.790789050981402397e-04
3.111973055638372898e-04
2.625832858029752970e-04
7.102544768713414669e-04
3.352219937369227409e-04
4.828980017919093370e-04
3.998616884928196669e-04
4.104260879103094339e-04
6.009892094880342484e-04
2.106445026583969593e-04
4.157182993367314339e-04
3.952968982048332691e-04
3.329771861899644136e-04
5.990245845168828964e-04
8.496731170453131199e-04
1.754628028720617294e-04
5.857130163349211216e-04
2.655867137946188450e-04
1.804890052881091833e-04
3.927332872990518808e-04
2.059785037999972701e-04
1.789344969438388944e-04
4.733339883387088776e-04
5.445351125672459602e-04
2.598369901534169912e-04
4.621852131094783545e-04
3.591116110328584909e-04
4.474603920243680477e-04
5.973645020276308060e-04
5.744087975472211838e-04
4.924301756545901299e-04
2.905107976403087378e-04
2.653702103998512030e-04
2.424629929009824991e-04
5.369607242755591869e-04
3.213085874449461699e-04
3.168813127558678389e-04
4.499825881794095039e-04
5.031597102060914040e-04
6.050837109796702862e-04
4.298943094909191132e-04
6.035760743543505669e-04
4.971469752490520477e-04
7.156176725402474403e-04
4.816155997104942799e-04
2.326559042558073997e-04
3.128017124254256487e-04
3.661885857582092285e-04
4.441325145307928324e-04
9.806595044210553169e-04
7.747585768811404705e-04
2.800888905767351389e-04
4.348221118561923504e-04
3.952939005102962255e-04
8.131106151267886162e-04
5.874863127246499062e-04
4.253906954545527697e-04
4.463230143301188946e-04
2.477889938745647669e-04
4.902207874692976475e-04
3.213635063730180264e-04
6.348667084239423275e-04
3.190047864336520433e-04
4.316855047363787889e-04
5.478478851728141308e-04
3.985464863944798708e-04
2.875759091693907976e-04
1.626002049306407571e-04
2.410968008916825056e-04
6.784960278309881687e-04
2.832731115631759167e-04
2.780839859042316675e-04
1.578878960572183132e-03
2.388119028182700276e-04
3.541329933796077967e-04
4.079042118974030018e-04
8.710594265721738338e-04
5.578906275331974030e-04
2.131398941855877638e-04
8.625619229860603809e-04
8.546698954887688160e-04
2.756309113465249538e-04
2.333738957531750202e-04
6.907876813784241676e-04
2.974653034470975399e-04
2.771939907688647509e-04
6.914607947692275047e-04
5.901154945604503155e-04
3.324445860926061869e-04
4.746282938867807388e-04
4.016422026325017214e-04
5.011446191929280758e-04
3.212598967365920544e-04
2.599286090116947889e-04
1.376042055198922753e-04
5.325754173099994659e-04
2.660827012732625008e-04
4.304914036765694618e-04
6.207277183420956135e-04
4.458175098989158869e-04
4.281757865101099014e-04
7.397307781502604485e-04
8.686038199812173843e-04
3.656396875157952309e-04
4.954357282258570194e-04
6.224447861313819885e-04
8.763634832575917244e-04
7.132276077754795551e-04
5.979521083645522594e-04
3.295837959740310907e-04
5.173715762794017792e-04
7.054085726849734783e-04
4.281628062017261982e-04
2.751662104856222868e-04
2.689335960894823074e-04
6.692411843687295914e-04
5.423576221801340580e-04
3.450803051237016916e-04
2.774356980808079243e-04
6.009364733472466469e-04
2.946312888525426388e-04
5.718810134567320347e-04
9.313378250226378441e-04
1.092485967092216015e-03
4.968817811459302902e-04
5.668997182510793209e-04
8.618567953817546368e-04
2.780279028229415417e-04
5.170603981241583824e-04
4.301510925870388746e-04
4.364881897345185280e-04
2.656810102052986622e-04
1.380727044306695461e-04
4.333170945756137371e-04
1.139899017289280891e-03
3.288702864665538073e-04
3.264010883867740631e-04
2.211417013313621283e-04
4.124600091017782688e-04
3.136195009574294090e-04
5.183357279747724533e-04
3.291637112852185965e-04
5.919262766838073730e-04
1.362120965495705605e-03
6.427257903851568699e-04
6.622488144785165787e-04
3.060053859371691942e-04
5.183818284422159195e-04
2.753490989562124014e-04
2.465156139805912971e-04
3.872349916491657495e-04
4.808364901691675186e-04
3.190996067132800817e-04
5.287551903165876865e-04
2.840456145349889994e-04
4.387162043713033199e-04
2.162668970413506031e-04
5.407314165495336056e-04
9.778602980077266693e-04
8.249434176832437515e-04
5.236680735833942890e-04
1.904286036733537912e-04
2.904195862356573343e-04
1.717441045911982656e-04
3.466111083980649710e-04
2.506414894014596939e-04
1.946818956639617682e-04
2.527731121517717838e-04
3.449833893682807684e-04
9.282411192543804646e-04
3.851292131002992392e-04
2.850710880011320114e-04
3.321894910186529160e-04
2.667845983523875475e-04
1.660369016462936997e-04
1.096575055271387100e-03
3.402701113373041153e-04
5.432586767710745335e-04
4.318715073168277740e-04
2.619168080855160952e-04
4.025918024126440287e-04
8.083053980953991413e-04
5.072379717603325844e-04
5.480092950165271759e-04
4.563810070976614952e-04
9.076325804926455021e-04
3.234602918382734060e-04
4.469710984267294407e-04
2.328819973627105355e-04
3.502446052152663469e-04
3.766124136745929718e-04
5.576523253694176674e-04
1.927070989040657878e-04
1.910770952235907316e-04
4.046809917781502008e-04
4.180484102107584476e-04
5.293546128086745739e-04
3.326647856738418341e-04
4.372604016680270433e-04
7.111079175956547260e-04
4.561590903904289007e-04
7.568713044747710228e-04
4.133704933337867260e-04
6.651154835708439350e-04
1.146354014053940773e-03
4.186723090242594481e-04
3.173314908053725958e-04
6.142939091660082340e-04
2.274494036100804806e-04
4.038439947180449963e-04
1.278680982068181038e-03
4.670548951253294945e-04
3.997875901404768229e-04
4.907299880869686604e-04
5.205040215514600277e-04
5.428118165582418442e-04
4.931830917485058308e-04
4.005554073955863714e-04
8.462999830953776836e-04
8.037522202357649803e-04
3.367367899045348167e-04
3.873229143209755421e-04
3.728420124389231205e-04
5.701375193893909454e-04
4.998085205443203449e-04
3.167875111103057861e-04
2.581092121545225382e-04
7.520957151427865028e-04
7.057401235215365887e-04
1.817057054722681642e-04
4.805712087545543909e-04
3.961579932365566492e-04
2.155505935661494732e-04
4.444025107659399509e-04
6.680958904325962067e-04
7.051744032651185989e-04
6.218472844921052456e-04
4.953044117428362370e-04
4.391158872749656439e-04
4.089733993168920279e-04
4.674392985180020332e-04
4.245546879246830940e-04
4.525211115833371878e-04
3.991234116256237030e-04
5.192004027776420116e-04
8.376744226552546024e-04
2.508416073396801949e-04
2.838826039806008339e-04
4.425976076163351536e-04
1.438934996258467436e-04
7.199252722784876823e-04
6.729005835950374603e-04
7.156243082135915756e-04
4.088156856596469879e-04
3.566720988601446152e-04
2.494750078767538071e-04
4.656132950913161039e-04
5.111232749186456203e-04
6.649121060036122799e-04
2.924023137893527746e-04
2.463698911014944315e-04
5.803594249300658703e-04
5.736944149248301983e-04
2.982385049108415842e-04
3.975910949520766735e-04
3.237841010559350252e-04
7.947920821607112885e-04
3.707309078890830278e-04
1.439900952391326427e-04
2.946818131022155285e-04
3.075209097005426884e-04
3.767311864066869020e-04
1.876135065685957670e-04
2.850877062883228064e-04
5.676061846315860748e-04
2.744983066804707050e-04
1.342825009487569332e-03
3.207797999493777752e-04
6.713204202242195606e-04
4.077448102179914713e-04
5.381826777011156082e-04
3.501998144201934338e-04
2.898793900385499001e-04
4.494544991757720709e-04
3.062677860725671053e-04
5.900897085666656494e-04
6.159757031127810478e-04
6.055132835172116756e-04
5.217681755311787128e-04
5.484867724590003490e-04
1.807689986890181899e-04
3.647342091426253319e-04
2.633979020174592733e-04
4.188574093859642744e-04
5.082869902253150940e-04
3.583689103834331036e-04
3.938176087103784084e-04
1.697473053354769945e-04
5.308088148012757301e-04
3.236044140066951513e-04
5.190661759115755558e-04
3.155574959237128496e-04
3.139351028949022293e-04
5.351193831302225590e-04
3.815901873167604208e-04
8.227446814998984337e-04
5.517675890587270260e-04
2.622391912154853344e-04
4.825555079150944948e-04
2.100420970236882567e-04
6.140968180261552334e-04
6.277685170061886311e-04
4.928478738293051720e-04
6.646817200817167759e-04
5.450604949146509171e-04
3.378741093911230564e-04
3.373486979398876429e-04
4.481610085349529982e-04
8.178594871424138546e-04
3.145003865938633680e-04
6.871251971460878849e-04
3.189592098351567984e-04
3.528071974869817495e-04
1.827535015763714910e-04
2.436906070215627551e-04
2.872552140615880489e-04
7.244595908559858799e-04
2.060272963717579842e-04
4.083744133822619915e-04
5.731019773520529270e-04
3.823339066002517939e-04
7.257494144141674042e-04
1.083652954548597336e-03
4.726299084722995758e-04
7.372627151198685169e-04
2.568798954598605633e-04
5.166183109395205975e-04
4.801737086381763220e-04
1.805648935260251164e-04
2.402919053565710783e-04
2.872447948902845383e-04
3.744211862795054913e-04
6.419827113859355450e-04
1.867120008682832122e-04
3.807242901530116796e-04
4.508226120378822088e-04
5.002205143682658672e-04
7.963990792632102966e-04
3.857520932797342539e-04
3.888254868797957897e-04
5.749337724409997463e-04
3.403461887501180172e-04
4.376225115265697241e-04
4.133571055717766285e-04
3.678810899145901203e-04
3.252346068620681763e-04
3.158226027153432369e-04
5.358068156056106091e-04
1.633911015233024955e-04
1.368988014291971922e-04
3.808512119576334953e-04
4.608163144439458847e-04
2.618310099933296442e-04
4.772513930220156908e-04
4.999943776056170464e-04
1.748070935718715191e-04
5.309266271069645882e-04
4.220338014420121908e-04
7.591851172037422657e-04
1.844824000727385283e-04
3.325162106193602085e-04
1.787157962098717690e-04
2.784463868010789156e-04
2.064581931335851550e-04
1.878267939900979400e-04
2.443960984237492085e-04
3.676727064885199070e-04
2.826979034580290318e-04
7.799792801961302757e-04
4.672899085562676191e-04
5.865488783456385136e-04
3.007297054864466190e-04
1.286466023884713650e-03
3.013490058947354555e-04
3.331970947328954935e-04
3.471721138339489698e-04
3.305281861685216427e-04
1.117752050049602985e-03
8.647377835586667061e-04
8.381188963539898396e-04
7.554243202321231365e-04
5.951151833869516850e-04
8.274287101812660694e-04
7.065975805744528770e-04
1.112379017286002636e-03
8.339480264112353325e-04
9.387829923070967197e-04
1.275114016607403755e-03
8.612630772404372692e-04
5.707924719899892807e-04
9.324657730758190155e-04
6.959572201594710350e-04
7.053465233184397221e-04
5.913280765525996685e-04
5.299124750308692455e-04
8.782899240031838417e-04
6.373468786478042603e-04
9.796877857297658920e-04
1.608442049473524094e-03
7.751504890620708466e-04
7.453010184690356255e-04
5.788665148429572582e-04
6.657501216977834702e-04
7.713140803389251232e-04
1.161174965091049671e-03
6.572359125129878521e-04
9.115142165683209896e-04
5.623641191050410271e-04
7.128224824555218220e-04
8.443446713499724865e-04
6.241464288905262947e-04
9.887494379654526711e-04
1.547922962345182896e-03
1.080138026736676693e-03
5.677738226950168610e-04
5.415350897237658501e-04
6.892012897878885269e-04
5.453330813907086849e-04
5.161358276382088661e-04
6.295979837886989117e-04
5.535688251256942749e-04
8.232094114646315575e-04
8.742642239667475224e-04
6.060634041205048561e-04
8.427100838162004948e-04
1.004923949949443340e-03
9.446424082852900028e-04
1.445380039513111115e-03
8.336264872923493385e-04
7.428145036101341248e-04
1.199636026285588741e-03
6.573830032721161842e-04
7.155053899623453617e-04
1.114355050958693027e-03
1.105054980143904686e-03
6.341002881526947021e-04
1.265830011107027531e-03
1.018146984279155731e-03
1.520141959190368652e-03
8.655061246827244759e-04
5.882495897822082043e-04
5.684539792127907276e-04
6.242503877729177475e-04
1.059007947333157063e-03
8.020398090593516827e-04
9.603570797480642796e-04
9.311822941526770592e-04
7.610460743308067322e-04
8.172835223376750946e-04
5.032831104472279549e-04
6.446151994168758392e-03
5.454855272546410561e-04
7.281227153725922108e-04
4.136610776185989380e-03
6.184951053000986576e-04
9.396466193720698357e-04
7.438567117787897587e-04
6.405251915566623211e-04
9.533694828860461712e-04
6.026308983564376831e-04
6.787889869883656502e-04
7.644810830242931843e-04
7.152085890993475914e-04
5.325038218870759010e-04
8.425067062489688396e-04
5.760010099038481712e-04
6.531326798722147942e-04
8.248080848716199398e-04
5.996766267344355583e-04
4.856291052419692278e-04
7.676985114812850952e-04
8.079627878032624722e-04
7.448932738043367863e-04
3.750543110072612762e-04
7.070078281685709953e-04
4.706310865003615618e-04
5.656410939991474152e-04
8.793210145086050034e-04
1.038876944221556187e-03
7.496738107874989510e-04
1.274998998269438744e-03
6.884254980832338333e-04
6.222164956852793694e-04
6.104893982410430908e-04
1.180139021016657352e-03
1.009722007438540459e-03
6.852729711681604385e-04
6.955590797588229179e-04
7.086691912263631821e-04
7.339214789681136608e-04
4.689262132160365582e-04
6.567515083588659763e-04
6.820427952334284782e-04
5.329407867975533009e-04
7.370259845629334450e-04
4.439289041329175234e-04
7.204908761195838451e-04
6.189077976159751415e-04
7.665206794627010822e-04
5.723520880565047264e-04
4.677104880101978779e-04
3.968088130932301283e-04
1.224259031005203724e-03
5.298231844790279865e-04
6.548968958668410778e-04
5.468695890158414841e-04
8.205862250179052353e-04
9.767519077286124229e-04
8.189296931959688663e-04
6.979858153499662876e-04
7.682865834794938564e-04
7.270753267221152782e-04
6.193129229359328747e-04
2.726853126659989357e-04
6.134468130767345428e-04
8.020799723453819752e-04
