1.060285954736173153e-03
1.288283034227788448e-03
4.133638925850391388e-03
1.370143028907477856e-03
1.970414072275161743e-03
2.421570010483264923e-03
9.912763489410281181e-04
1.849350985139608383e-03
8.947622263804078102e-04
1.791847986169159412e-03
2.446155995130538940e-03
2.802636940032243729e-03
2.005941001698374748e-03
2.159229014068841934e-03
2.070811111479997635e-03
2.131958957761526108e-03
1.537714968435466290e-03
3.759806044399738312e-03
1.141109969466924667e-03
8.870491874404251575e-04
2.241363981738686562e-03
1.616111956536769867e-03
9.568828972987830639e-04
1.030600047670304775e-03
2.252215053886175156e-03
2.596328966319561005e-03
2.048267051577568054e-03
2.125896979123353958e-03
1.417175051756203175e-03
2.217645058408379555e-03
1.647686003707349300e-03
1.507194014266133308e-03
3.150556934997439384e-03
1.035767956636846066e-03
5.408947821706533432e-03
1.589386956766247749e-03
1.532054040580987930e-03
1.533349044620990753e-03
9.119678288698196411e-04
2.544140908867120743e-03
1.614004024304449558e-03
3.477599006146192551e-03
3.228581976145505905e-03
3.425426082685589790e-03
1.181822037324309349e-03
1.230697031132876873e-03
1.079865032806992531e-03
2.121441997587680817e-03
7.089931750670075417e-04
1.713313045911490917e-03
1.287708990275859833e-03
1.242325990460813046e-03
1.340075978077948093e-03
1.160981017164885998e-03
1.537606003694236279e-03
1.275344984605908394e-03
9.774352656677365303e-04
8.533385116606950760e-04
2.163334982469677925e-03
1.238174969330430031e-03
2.206105040386319160e-03
1.492380979470908642e-03
2.488313009962439537e-03
1.181039959192276001e-03
1.976425992324948311e-03
1.109987031668424606e-03
2.030462957918643951e-03
1.603748998604714870e-03
2.742423908784985542e-03
2.549604978412389755e-03
1.992577919736504555e-03
1.552772009745240211e-03
3.248105989769101143e-03
1.844355021603405476e-03
1.743227010592818260e-03
1.142806024290621281e-03
4.473460838198661804e-03
3.536351956427097321e-03
3.135357983410358429e-03
2.008707029744982719e-03
1.140260952524840832e-03
1.102679991163313389e-03
3.436638042330741882e-03
3.298755036666989326e-03
2.884334884583950043e-03
1.776520046405494213e-03
4.292571917176246643e-03
3.366857068613171577e-03
1.429412048310041428e-03
8.548396872356534004e-04
1.089344033971428871e-03
1.332388957962393761e-03
1.593083026818931103e-03
1.377730979584157467e-03
1.659385045059025288e-03
1.874136039987206459e-03
1.722419983707368374e-03
3.260372905060648918e-03
2.682464895769953728e-03
2.648717025294899940e-03
1.341292983852326870e-03
7.773485849611461163e-04
1.410512020811438560e-03
1.052331994287669659e-03
1.606391044333577156e-03
2.310666954144835472e-03
3.230744972825050354e-03
1.131891040131449699e-03
1.817657030187547207e-03
4.066681955009698868e-03
1.254940056242048740e-03
1.327665988355875015e-03
1.640670001506805420e-03
1.945610973052680492e-03
2.675631083548069000e-03
1.482693944126367569e-03
1.905440003611147404e-03
2.166338032111525536e-03
3.398106899112462997e-03
2.376568038016557693e-03
1.015729969367384911e-03
1.189482980407774448e-03
1.759147038683295250e-03
5.444873124361038208e-03
3.928165882825851440e-03
2.226836048066616058e-03
1.583709963597357273e-03
1.190191949717700481e-03
2.572661032900214195e-03
1.330552971921861172e-03
1.179145998321473598e-03
1.533851958811283112e-03
1.329738995991647243e-03
2.070307033136487007e-03
5.093089770525693893e-03
1.880610943771898746e-03
9.688431164249777794e-04
6.470127264037728310e-04
5.255370866507291794e-03
5.416374187916517258e-03
1.234997995197772980e-03
1.293851993978023529e-03
1.006877981126308441e-03
2.280438086017966270e-03
3.260317025706171989e-03
1.855175010859966278e-03
2.029866911470890045e-03
9.810487972572445869e-04
1.247324980795383453e-03
2.237193984910845757e-03
2.514872932806611061e-03
1.422264962457120419e-03
1.142353983595967293e-03
1.078738947398960590e-03
2.172800013795495033e-03
3.645815886557102203e-03
1.673626014962792397e-03
1.381985959596931934e-03
1.281720004044473171e-03
9.375818190164864063e-04
1.818008022382855415e-03
1.140021951869130135e-03
3.099567955359816551e-03
1.350861974060535431e-03
7.269373163580894470e-04
1.843211008235812187e-03
1.220362028107047081e-03
2.030987991020083427e-03
1.794236013665795326e-03
3.543684957548975945e-03
1.098703942261636257e-03
1.572279958054423332e-03
2.667790045961737633e-03
2.184299984946846962e-03
1.053750980645418167e-03
1.019067014567553997e-03
1.146830967627465725e-03
2.047751098871231079e-03
1.320137991569936275e-03
1.878174953162670135e-03
1.227583969011902809e-03
1.313772983849048615e-03
2.457991009578108788e-03
1.873321947641670704e-03
1.136980019509792328e-03
1.470796996727585793e-03
1.912452047690749168e-03
1.149639952927827835e-03
1.570274005644023418e-03
1.180676976218819618e-03
1.356935943476855755e-03
1.163039007224142551e-03
1.172680989839136600e-03
2.066255081444978714e-03
2.717982977628707886e-03
1.349342055618762970e-03
1.981182023882865906e-03
1.990895951166749001e-03
2.253508893772959709e-03
1.494506024755537510e-03
1.542577985674142838e-03
1.290405052714049816e-03
3.672413993626832962e-03
1.300889998674392700e-03
2.088346052914857864e-03
1.498937956057488918e-03
1.712555997073650360e-03
1.235999981872737408e-03
9.050999069586396217e-04
1.517266966402530670e-03
1.342306029982864857e-03
1.086979988031089306e-03
1.456876052543520927e-03
3.797319019213318825e-03
1.372611033730208874e-03
1.815567957237362862e-03
1.471861964091658592e-03
2.670075977221131325e-03
1.639585010707378387e-03
1.883354038000106812e-03
2.657264936715364456e-03
2.027115086093544960e-03
1.237286953255534172e-03
9.623725782148540020e-04
1.348224002867937088e-03
1.303700031712651253e-03
2.340195002034306526e-03
1.410283031873404980e-03
2.574225887656211853e-03
2.013657009229063988e-03
1.246872008778154850e-03
1.674887025728821754e-03
1.099630026146769524e-03
1.441298983991146088e-03
1.368149998597800732e-03
1.468661008402705193e-03
2.294867997989058495e-03
1.455876044929027557e-03
1.525679952464997768e-03
2.069628098979592323e-03
9.905649349093437195e-04
1.976395025849342346e-03
1.542615005746483803e-03
1.908182050101459026e-03
1.560393022373318672e-03
1.439276966266334057e-03
1.930907019414007664e-03
2.510531106963753700e-03
1.938681001774966717e-03
2.360674086958169937e-03
3.499361919239163399e-03
3.182097105309367180e-03
1.975269056856632233e-03
2.266610972583293915e-03
8.026614086702466011e-04
3.211898962035775185e-03
1.786948996596038342e-03
1.051809987984597683e-03
1.737628015689551830e-03
1.958359964191913605e-03
1.462506945244967937e-03
3.269973909482359886e-03
3.539629979059100151e-04
2.230559010058641434e-03
1.823524944484233856e-03
1.160123967565596104e-03
1.218609977513551712e-03
8.580642170272767544e-04
1.106409006752073765e-03
2.244797069579362869e-03
3.099296009168028831e-03
2.136935945600271225e-03
2.470341976732015610e-03
2.285676077008247375e-03
8.785338723100721836e-04
1.795234042219817638e-03
1.262848032638430595e-03
1.066740951500833035e-03
6.424412131309509277e-04
2.864476060494780540e-03
1.352351973764598370e-03
1.148596988059580326e-03
1.351419021375477314e-03
1.302010961808264256e-03
1.872297958470880985e-03
1.341150025837123394e-03
2.177580958232283592e-03
5.430744960904121399e-03
1.998803112655878067e-03
1.392457052133977413e-03
1.253596972674131393e-03
2.136034891009330750e-03
1.314774039201438427e-03
2.015267964452505112e-03
4.018575884401798248e-03
1.861131051555275917e-03
3.416134975850582123e-03
1.452705007977783680e-03
1.497991965152323246e-03
2.080033998936414719e-03
1.585513004101812840e-03
1.070154015906155109e-03
2.185341902077198029e-03
1.127316965721547604e-03
3.106500022113323212e-03
2.394286915659904480e-03
1.148286974057555199e-03
1.362918992526829243e-03
7.899918709881603718e-04
1.187094952911138535e-03
2.269295975565910339e-03
1.266226056031882763e-03
1.561785000376403332e-03
1.953992992639541626e-03
9.321980760432779789e-04
1.458253012970089912e-03
1.768772955983877182e-03
3.110202960669994354e-03
2.063106046989560127e-03
3.432040102779865265e-03
2.781901974231004715e-03
1.675436040386557579e-03
2.449952065944671631e-03
9.596733143553137779e-04
1.375159947201609612e-03
1.116101979278028011e-03
1.914032036438584328e-03
1.877640024758875370e-03
1.688187941908836365e-03
1.749622053466737270e-03
1.524094026535749435e-03
2.045839093625545502e-03
1.554004033096134663e-03
9.607786196283996105e-04
2.758069895207881927e-03
1.280440017580986023e-03
2.680152887478470802e-03
1.248146989382803440e-03
1.771294977515935898e-03
1.254667993634939194e-03
2.295732032507658005e-03
1.986273098737001419e-03
9.883980965241789818e-04
1.859292038716375828e-03
1.648411038331687450e-03
3.974323917645961046e-04
2.672339091077446938e-03
1.718049054034054279e-03
1.333798980340361595e-03
3.828844986855983734e-03
2.224601106718182564e-03
5.534131778404116631e-04
9.328867890872061253e-04
1.593476976267993450e-03
1.061466988176107407e-03
1.766838948242366314e-03
1.120156026445329189e-03
8.693836862221360207e-04
1.382158952765166759e-03
2.120306948199868202e-03
1.901787007227540016e-03
1.692033023573458195e-03
7.930995197966694832e-04
8.828031714074313641e-04
3.997744992375373840e-03
2.080997917801141739e-03
5.508289905264973640e-04
8.452542242594063282e-04
1.234391005709767342e-03
1.182812033221125603e-03
1.190374023281037807e-03
3.034431021660566330e-03
2.336859004572033882e-03
1.210518996231257915e-03
1.092643942683935165e-03
1.511342008598148823e-03
4.357965197414159775e-03
2.872498007491230965e-03
3.654831089079380035e-03
1.006882055662572384e-03
1.142063993029296398e-03
1.890099956654012203e-03
1.930276048369705677e-03
9.528968948870897293e-04
1.510620000772178173e-03
2.124204998835921288e-03
1.998499035835266113e-03
4.599206149578094482e-03
6.006928160786628723e-04
2.755837980657815933e-03
3.888043109327554703e-03
2.981407102197408676e-03
1.423939014784991741e-03
3.508618101477622986e-03
1.913695014081895351e-03
2.188900019973516464e-03
1.430755015462636948e-03
1.254001981578767300e-03
1.007893006317317486e-03
1.452998956665396690e-03
1.563490019179880619e-03
1.563830999657511711e-03
3.108311910182237625e-03
1.827341038733720779e-03
2.879797946661710739e-03
1.117832027375698090e-03
2.412213012576103210e-02
1.052282052114605904e-03
2.356512006372213364e-03
2.777572022750973701e-03
1.429100986570119858e-03
2.903013024479150772e-03
1.639113994315266609e-03
3.629734041169285774e-03
9.828377515077590942e-04
3.150536911562085152e-03
1.782372011803090572e-03
2.153846900910139084e-03
1.043122028931975365e-03
1.147744012996554375e-03
1.311677042394876480e-03
1.153994002379477024e-03
1.453659962862730026e-03
8.893004851415753365e-04
8.737148018553853035e-04
1.763124950230121613e-03
1.549724955111742020e-03
1.878264942206442356e-03
6.843024166300892830e-04
1.565585029311478138e-03
3.454300109297037125e-03
4.561218898743391037e-03
1.465682056732475758e-03
7.986804121173918247e-04
1.822590944357216358e-03
6.315775099210441113e-04
3.026569960638880730e-03
2.715874928981065750e-03
1.067682052962481976e-03
2.029776107519865036e-03
4.569218144752085209e-04
1.002353033982217312e-03
1.404511043801903725e-03
5.313308793120086193e-04
7.819464080967009068e-04
1.090059056878089905e-03
2.218398032709956169e-03
2.310256008058786392e-03
1.870431005954742432e-03
9.872881928458809853e-04
1.729190000332891941e-03
1.378074986860156059e-03
1.290792948566377163e-03
2.113973954692482948e-03
1.023962977342307568e-03
3.295612055808305740e-03
1.089649973437190056e-03
2.603566972538828850e-03
3.311594948172569275e-03
1.173160970211029053e-03
6.830777274444699287e-04
1.033209031447768211e-03
7.755673723295331001e-04
1.219831057824194431e-03
1.972489058971405029e-03
3.234603907912969589e-03
1.743696047924458981e-03
1.617340953089296818e-03
1.006240956485271454e-03
2.442236989736557007e-03
1.347144017927348614e-03
1.170392031781375408e-03
1.181832980364561081e-03
2.923503052443265915e-03
2.624229993671178818e-03
1.988366013392806053e-03
1.685615978203713894e-03
8.398555801250040531e-04
3.915126901119947433e-03
1.764846965670585632e-03
3.152013989165425301e-03
1.223469036631286144e-03
1.483598956838250160e-03
1.096957013942301273e-03
2.374609000980854034e-03
1.759978011250495911e-03
7.464275113306939602e-04
2.568682888522744179e-03
3.455453086644411087e-03
1.318491995334625244e-03
4.726606886833906174e-03
1.444534980691969395e-03
1.004146994091570377e-03
1.695947023108601570e-03
9.688356076367199421e-04
3.080799942836165428e-03
1.858531031757593155e-03
1.582853030413389206e-03
3.787303110584616661e-03
2.671204973012208939e-03
3.464800072833895683e-03
3.268193919211626053e-03
2.809012075886130333e-03
3.366857999935746193e-03
5.657097790390253067e-03
3.066618926823139191e-03
3.230385016649961472e-03
3.213488962501287460e-03
4.412599839270114899e-03
3.723752917721867561e-03
3.857166972011327744e-03
3.869557986035943031e-03
