5.025743041187524796e-03
1.187033019959926605e-02
2.985645085573196411e-02
1.431441958993673325e-02
1.112260017544031143e-02
1.748312078416347504e-02
8.666512556374073029e-03
2.104241028428077698e-02
7.055358029901981354e-03
2.765586040914058685e-02
2.906456030905246735e-02
1.610906049609184265e-02
1.075256988406181335e-02
9.876074269413948059e-03
4.308339953422546387e-02
2.160020917654037476e-02
6.693556904792785645e-03
4.448737949132919312e-02
1.038550026714801788e-02
1.435802970081567764e-02
2.325518056750297546e-02
1.271425001323223114e-02
8.681763894855976105e-03
8.727173320949077606e-03
2.442652918398380280e-02
1.312635000795125961e-02
1.214541029185056686e-02
1.411681994795799255e-02
1.663688011467456818e-02
1.582998037338256836e-02
8.044677786529064178e-03
1.250527985394001007e-02
2.401180937886238098e-02
8.495857007801532745e-03
2.811378985643386841e-02
1.012017019093036652e-02
9.289041161537170410e-03
2.082324028015136719e-02
1.231142040342092514e-02
1.624876074492931366e-02
1.157664041966199875e-02
2.702222019433975220e-02
2.127752080559730530e-02
2.346027083694934845e-02
9.396700188517570496e-03
9.628865867853164673e-03
1.949496008455753326e-02
1.685743965208530426e-02
1.018534041941165924e-02
1.066945027559995651e-02
8.750923909246921539e-03
1.084950007498264313e-02
1.031874027103185654e-02
1.243538036942481995e-02
6.852107122540473938e-03
1.331960968673229218e-02
1.868396997451782227e-02
5.846758838742971420e-03
6.996483076363801956e-03
2.831551991403102875e-02
1.054439041763544083e-02
1.136246044188737869e-02
1.210428029298782349e-02
2.392287924885749817e-02
