4.230507183820009232e-03
7.328012026846408844e-03
2.654235064983367920e-02
7.011984009295701981e-03
6.322816014289855957e-03
7.374218199402093887e-03
4.894560202956199646e-03
8.474033325910568237e-03
4.240277223289012909e-03
7.902975194156169891e-03
9.544180706143379211e-03
1.049401983618736267e-02
4.696833901107311249e-03
5.638021044433116913e-03
1.244250033050775528e-02
1.438204012811183929e-02
4.862172994762659073e-03
1.966550014913082123e-02
8.154088631272315979e-03
9.753263555467128754e-03
5.689498037099838257e-03
8.161496371030807495e-03
3.659002017229795456e-03
5.075339227914810181e-03
1.005255989730358124e-02
9.747627191245555878e-03
5.988749209791421890e-03
5.686272867023944855e-03
7.434242870658636093e-03
7.717344909906387329e-03
5.715899169445037842e-03
4.928940907120704651e-03
1.506076008081436157e-02
3.699043998494744301e-03
2.214469015598297119e-02
5.012890789657831192e-03
5.778810009360313416e-03
6.652253214269876480e-03
7.108535151928663254e-03
8.859936147928237915e-03
3.492580959573388100e-03
1.343027967959642410e-02
1.286782044917345047e-02
1.121571008116006851e-02
5.975983105599880219e-03
8.284637704491615295e-03
4.346384201198816299e-03
6.295592058449983597e-03
3.223421052098274231e-03
6.379491183906793594e-03
5.106843076646327972e-03
6.017583888024091721e-03
8.087952621281147003e-03
4.562415182590484619e-03
6.491583772003650665e-03
8.061557076871395111e-03
3.264359897002577782e-03
3.972189966589212418e-03
1.410392019897699356e-02
5.126859061419963837e-03
3.317351918667554855e-03
5.152434110641479492e-03
9.825493209064006805e-03
5.265103187412023544e-03
4.510498140007257462e-03
4.078342113643884659e-03
7.062822114676237106e-03
5.145370028913021088e-03
9.685095399618148804e-03
9.580215439200401306e-03
4.574900958687067032e-03
5.811614915728569031e-03
1.407795958220958710e-02
5.321342963725328445e-03
7.679305039346218109e-03
6.123114842921495438e-03
9.575107134878635406e-03
1.447439007461071014e-02
4.611130803823471069e-03
1.950472965836524963e-02
1.678214035928249359e-02
5.029994994401931763e-03
6.949929986149072647e-03
9.136347100138664246e-03
6.636289879679679871e-03
9.416138753294944763e-03
4.385597072541713715e-03
1.037016976624727249e-02
1.633965969085693359e-02
8.453837595880031586e-03
4.339247010648250580e-03
3.637579036876559258e-03
4.896533209830522537e-03
3.064089920371770859e-03
4.666082095354795456e-03
4.191198851913213730e-03
7.615584880113601685e-03
9.119127877056598663e-03
7.746507879346609116e-03
9.595395065844058990e-03
1.185498014092445374e-02
4.663006868213415146e-03
3.413214115425944328e-03
5.195437930524349213e-03
4.464816767722368240e-03
6.298893131315708160e-03
9.626091457903385162e-03
9.696536697447299957e-03
6.437025964260101318e-03
9.134594351053237915e-03
1.408100966364145279e-02
5.518489982932806015e-03
7.662750780582427979e-03
6.564673967659473419e-03
8.462032303214073181e-03
5.200828891247510910e-03
7.575219031423330307e-03
3.804933046922087669e-03
5.088392179459333420e-03
5.995316896587610245e-03
1.113654021173715591e-02
3.755053970962762833e-03
7.006767205893993378e-03
4.394811112433671951e-03
7.502342108637094498e-03
8.988592773675918579e-03
1.478228997439146042e-02
1.551217958331108093e-02
