8.460867102257907391e-04
6.138819153420627117e-04
1.417682040482759476e-03
5.049316096119582653e-04
1.000716001726686954e-03
1.231970963999629021e-03
4.702236037701368332e-04
8.843144751153886318e-04
6.304662092588841915e-04
1.236343057826161385e-03
9.068895014934241772e-04
1.347352983430027962e-03
1.041712006554007530e-03
1.056598965078592300e-03
1.365946955047547817e-03
8.653270779177546501e-04
5.933581269346177578e-04
1.673170016147196293e-03
8.604811155237257481e-04
5.311652785167098045e-04
4.912823787890374660e-04
6.768372841179370880e-04
3.878198913298547268e-04
4.728093044832348824e-04
1.477709971368312836e-03
1.981426961719989777e-03
7.270040805451571941e-04
1.288985949940979481e-03
6.178126204758882523e-04
9.975355351343750954e-04
6.233092281036078930e-04
6.217216723598539829e-04
1.365834963507950306e-03
6.138131720945239067e-04
2.529090968891978264e-03
5.758036859333515167e-04
1.073959050700068474e-03
8.211599779315292835e-04
5.333126173354685307e-04
1.122297020629048347e-03
9.363056160509586334e-04
1.533061033114790916e-03
1.080901944078505039e-03
1.265130005776882172e-03
7.232684874907135963e-04
5.460564279928803444e-04
3.913033870048820972e-04
1.189179020002484322e-03
3.462173917796462774e-04
1.106102019548416138e-03
5.873045884072780609e-04
5.069908220320940018e-04
9.807223686948418617e-04
9.859679266810417175e-04
9.390484192408621311e-04
8.723164792172610760e-04
3.217605117242783308e-04
6.043671746738255024e-04
1.163971959613263607e-03
6.505360943265259266e-04
9.625498787499964237e-04
9.570828988216817379e-04
7.689966005273163319e-04
6.155794835649430752e-04
9.380261762998998165e-04
6.330556934699416161e-04
9.984588250517845154e-04
1.240020967088639736e-03
1.250799046829342842e-03
1.352553023025393486e-03
1.141424989327788353e-03
1.022028038278222084e-03
1.159345032647252083e-03
8.445425773970782757e-04
1.058751950040459633e-03
6.574101862497627735e-04
1.947214012034237385e-03
1.703658956103026867e-03
1.910196966491639614e-03
1.279611955396831036e-03
8.287889068014919758e-04
3.609150007832795382e-04
1.295782974921166897e-03
1.724343048408627510e-03
1.762578962370753288e-03
9.735325002111494541e-04
1.809051027521491051e-03
1.536692027002573013e-03
7.640467956662178040e-04
5.614716210402548313e-04
5.605302285403013229e-04
6.730221211910247803e-04
8.090215851552784443e-04
5.617755814455449581e-04
7.652837084606289864e-04
1.043507945723831654e-03
9.616286843083798885e-04
5.736459861509501934e-04
1.365446019917726517e-03
1.017673988826572895e-03
4.587862058542668819e-04
5.224234191700816154e-04
5.758107872679829597e-04
5.077432142570614815e-04
6.633817101828753948e-04
1.004497054964303970e-03
1.404084963724017143e-03
6.127724773250520229e-04
8.780891075730323792e-04
1.918161986395716667e-03
6.043952889740467072e-04
7.977181812748312950e-04
9.666989790275692940e-04
1.811889000236988068e-03
7.089569116942584515e-04
5.799242062494158745e-04
6.953193806111812592e-04
1.416357001289725304e-03
9.119252208620309830e-04
8.014750201255083084e-04
7.439090986736118793e-04
1.035811961628496647e-03
2.514594933018088341e-03
1.383536960929632187e-03
1.073017949238419533e-03
9.544871281832456589e-04
7.776743732392787933e-04
1.077922992408275604e-03
7.017616881057620049e-04
5.248367087915539742e-04
8.113192161545157433e-04
5.445295828394591808e-04
7.215372752398252487e-04
2.013844903558492661e-03
1.217643963173031807e-03
4.915493191219866276e-04
4.216665111016482115e-04
2.245652955025434494e-03
1.581468037329614162e-03
6.705318228341639042e-04
7.457574247382581234e-04
9.931679815053939819e-04
1.057095010764896870e-03
6.966522778384387493e-04
1.056937035173177719e-03
4.069040005560964346e-04
7.818504236638545990e-04
1.062990981154143810e-03
1.334271044470369816e-03
7.066238904371857643e-04
6.260268855839967728e-04
5.091244238428771496e-04
1.322761992923915386e-03
1.547173014841973782e-03
8.020477253012359142e-04
6.201029173098504543e-04
7.392485858872532845e-04
5.169793730601668358e-04
1.075315056368708611e-03
5.371050210669636726e-04
1.783726969733834267e-03
7.230738992802798748e-04
5.558169796131551266e-04
1.007764018140733242e-03
6.453216774389147758e-04
1.061949995346367359e-03
4.552732862066477537e-04
1.288069994188845158e-03
9.085930068977177143e-04
9.098938899114727974e-04
7.432849961332976818e-04
7.282727165147662163e-04
4.748415958601981401e-04
3.995787992607802153e-04
4.110159061383455992e-04
8.609137730672955513e-04
7.947352132759988308e-04
4.731623048428446054e-04
6.023403257131576538e-04
1.657427987083792686e-03
9.015218820422887802e-04
5.581480218097567558e-04
9.862406877800822258e-04
1.394502003677189350e-03
4.760691954288631678e-04
6.169471889734268188e-04
7.768020150251686573e-04
6.724722916260361671e-04
4.038990009576082230e-04
4.545584088191390038e-04
1.310602994635701180e-03
1.564792008139193058e-03
7.463268120773136616e-04
1.302685006521642208e-03
1.272315043024718761e-03
7.164702983573079109e-04
8.059621904976665974e-04
2.328255068277940154e-04
4.175498033873736858e-04
2.789312973618507385e-03
4.028218099847435951e-04
6.780377007089555264e-04
6.914719124324619770e-04
5.332711734808981419e-04
7.866768864914774895e-04
4.803485062438994646e-04
8.335770107805728912e-04
6.693481118418276310e-04
8.476756047457456589e-04
6.578271859325468540e-04
1.410778961144387722e-03
5.857127252966165543e-04
1.006482983939349651e-03
8.932743221521377563e-04
1.092422986403107643e-03
1.416472950950264931e-03
6.861319998279213905e-04
1.146462047472596169e-03
1.046478981152176857e-03
5.346651887521147728e-04
4.519486974459141493e-04
7.913744775578379631e-04
2.653641859069466591e-04
1.278060954064130783e-03
8.308250107802450657e-04
1.049489015713334084e-03
1.047719968482851982e-03
6.649587885476648808e-04
6.579466862604022026e-04
5.235176067799329758e-04
8.389336871914565563e-04
5.351395811885595322e-04
8.678715093992650509e-04
6.905713235028088093e-04
8.908691816031932831e-04
2.372821036260575056e-04
9.302084799855947495e-04
6.544379866681993008e-04
1.020513009279966354e-03
8.496994269080460072e-04
1.148098963312804699e-03
1.154841971583664417e-03
7.965561817400157452e-04
6.998127209953963757e-04
1.357608009129762650e-03
1.285886042751371861e-03
1.270681037567555904e-03
1.302778022363781929e-03
1.262316945940256119e-03
9.290691814385354519e-04
1.051033032126724720e-03
3.740022075362503529e-04
1.317129004746675491e-03
9.598893229849636555e-04
4.960232181474566460e-04
5.821508821099996567e-04
6.605251110158860683e-04
7.530456059612333775e-04
2.034388016909360886e-03
1.759096048772335052e-04
1.184758963063359261e-03
8.597545092925429344e-04
5.624772747978568077e-04
7.494827150367200375e-04
4.000423068646341562e-04
5.582146113738417625e-04
1.088268007151782513e-03
1.987593946978449821e-03
8.573653758503496647e-04
1.298240968026220798e-03
1.182761043310165405e-03
8.399439975619316101e-04
4.183980054222047329e-04
6.254324107430875301e-04
5.002018879167735577e-04
1.358609995804727077e-03
6.840925780124962330e-04
9.591957204975187778e-04
9.269068250432610512e-04
4.260368004906922579e-04
8.527418831363320351e-04
8.124533924274146557e-04
6.279352237470448017e-04
2.037602011114358902e-03
1.278980984352529049e-03
7.472367142327129841e-04
5.482229171320796013e-04
1.638995949178934097e-03
7.933399174362421036e-04
6.391514907591044903e-04
1.436598948203027248e-03
7.034222944639623165e-04
1.620596041902899742e-03
8.124029845930635929e-04
6.636399193666875362e-04
6.438458804041147232e-04
5.861115059815347195e-04
8.054244099184870720e-04
1.054671942256391048e-03
3.937132132705301046e-04
1.119864056818187237e-03
1.171523006632924080e-03
6.378458929248154163e-04
9.554580901749432087e-04
8.053820929490029812e-04
6.217004265636205673e-04
5.471094045788049698e-04
4.445268132258206606e-04
9.559455793350934982e-04
8.754042792133986950e-04
4.285020113456994295e-04
6.932775722816586494e-04
9.270639275200664997e-04
1.345998025499284267e-03
7.864587241783738136e-04
1.662006019614636898e-03
7.440790068358182907e-04
7.841926999390125275e-04
9.028487838804721832e-04
5.521905841305851936e-04
5.746302194893360138e-04
5.378004861995577812e-04
9.906857740134000778e-04
1.252864021807909012e-03
8.132182992994785309e-04
1.089015975594520569e-03
8.635721751488745213e-04
7.022001082077622414e-04
6.510632811114192009e-04
3.056969144381582737e-04
1.174133038148283958e-03
6.669149152003228664e-04
1.714861951768398285e-03
6.209202110767364502e-04
9.311041794717311859e-04
7.740285946056246758e-04
1.033238018862903118e-03
9.706214186735451221e-04
2.676334115676581860e-04
9.162460919469594955e-04
1.322787953540682793e-03
2.513166982680559158e-04
1.334995031356811523e-03
7.256715907715260983e-04
8.482994744554162025e-04
1.588489976711571217e-03
1.396134961396455765e-03
2.627905050758272409e-04
6.415718235075473785e-04
9.058045106939971447e-04
6.182824145071208477e-04
1.072507002390921116e-03
4.677211109083145857e-04
5.365518736653029919e-04
5.210727103985846043e-04
6.593188736587762833e-04
8.679542806930840015e-04
1.005777972750365734e-03
4.827115917578339577e-04
5.911823245696723461e-04
1.372613944113254547e-03
1.750251976773142815e-03
3.523741906974464655e-04
6.271312013268470764e-04
5.163283785805106163e-04
6.492083193734288216e-04
1.624551019631326199e-03
8.329938282258808613e-04
5.798974889330565929e-04
7.892980938777327538e-04
9.669932769611477852e-04
9.037636918947100639e-04
1.074049971066415310e-03
1.536568976007401943e-03
5.995145183987915516e-04
5.025644786655902863e-04
9.306601714342832565e-04
8.727391250431537628e-04
4.930896102450788021e-04
3.403117007110267878e-04
1.235223026014864445e-03
7.912514847703278065e-04
1.362761016935110092e-03
3.255039919167757034e-04
1.209410023875534534e-03
7.485601818189024925e-04
1.751689007505774498e-03
5.625173798762261868e-04
1.931490027345716953e-03
5.772375152446329594e-04
7.659703842364251614e-04
8.259164751507341862e-04
7.276873802766203880e-04
5.989110213704407215e-04
6.276309723034501076e-04
5.795308970846235752e-04
8.541326969861984253e-04
1.633664942346513271e-03
1.184287946671247482e-03
1.140136038884520531e-03
7.838549790903925896e-04
2.181569114327430725e-03
6.913836114108562469e-04
1.251911977306008339e-03
1.443997025489807129e-03
8.193848188966512680e-04
1.416389946825802326e-03
7.481196080334484577e-04
1.797694945707917213e-03
9.384882287122309208e-04
1.441627042368054390e-03
8.982237195596098900e-04
1.010657986626029015e-03
5.432933103293180466e-04
6.036690901964902878e-04
6.213081069290637970e-04
7.115238113328814507e-04
8.432044996879994869e-04
5.922879208810627460e-04
5.777924088761210442e-04
5.991873913444578648e-04
7.207301096059381962e-04
1.068876008503139019e-03
4.977104254066944122e-04
5.998652195557951927e-04
1.372760976664721966e-03
1.326221041381359100e-03
1.130755990743637085e-03
4.706426116172224283e-04
1.362439012154936790e-03
2.912890049628913403e-04
1.413492951542139053e-03
1.415985054336488247e-03
5.418935907073318958e-04
8.177274721674621105e-04
2.885319117922335863e-04
5.273008719086647034e-04
5.295813898555934429e-04
3.612845903262495995e-04
2.496931992936879396e-04
4.816658911295235157e-04
1.189970993436872959e-03
1.330671017058193684e-03
1.137699000537395477e-03
6.184895755723118782e-04
8.041139226406812668e-04
6.040094885975122452e-04
5.378660280257463455e-04
1.020653988234698772e-03
5.870094173587858677e-04
1.316861947998404503e-03
5.253094132058322430e-04
9.295108029618859291e-04
1.384221948683261871e-03
7.133599137887358665e-04
4.647097957786172628e-04
6.941744941286742687e-04
4.372516996227204800e-04
5.035861977376043797e-04
9.740518871694803238e-04
1.137234037742018700e-03
7.882284116931259632e-04
7.822532206773757935e-04
3.770925104618072510e-04
1.328508951701223850e-03
8.151039946824312210e-04
6.340831168927252293e-04
3.208477864973247051e-04
1.669318997301161289e-03
1.799365971237421036e-03
6.744809797964990139e-04
7.354777189902961254e-04
4.136399948038160801e-04
1.498703029938042164e-03
9.067549253813922405e-04
1.712913974188268185e-03
7.178257801569998264e-04
9.891600348055362701e-04
7.993273902684450150e-04
8.407781715504825115e-04
6.702598184347152710e-04
3.270758024882525206e-04
1.225798041559755802e-03
1.339016947895288467e-03
5.166559130884706974e-04
3.603095887228846550e-03
7.831316906958818436e-04
7.342430180869996548e-04
8.903297712095081806e-04
6.758067174814641476e-04
1.228695968165993690e-03
7.866657106205821037e-04
1.166709000244736671e-03
1.108085969462990761e-03
1.812651986256241798e-03
6.925960187800228596e-04
5.993297090753912926e-04
8.564076269976794720e-04
3.739293897524476051e-04
5.834131152369081974e-04
7.253927760757505894e-04
8.433021721430122852e-04
1.261787023395299911e-03
1.121441950090229511e-03
1.099428976885974407e-03
1.423274981789290905e-03
6.820214912295341492e-04
9.771025506779551506e-04
5.637045833282172680e-04
9.401512797921895981e-04
9.859001729637384415e-04
7.786704809404909611e-04
9.158155880868434906e-04
1.143504981882870197e-03
7.313342066481709480e-04
9.390200139023363590e-04
1.191123970784246922e-03
1.433238969184458256e-03
4.199855902697890997e-04
7.629715255461633205e-04
6.996436277404427528e-04
5.083312862552702427e-04
5.859442171640694141e-04
4.861899069510400295e-04
1.153319026343524456e-03
1.411885023117065430e-03
8.880756213329732418e-04
8.327942923642694950e-04
2.037604106590151787e-03
1.654405961744487286e-03
9.408186888322234154e-04
1.625229953788220882e-03
8.445779094472527504e-04
4.629417089745402336e-04
1.451310003176331520e-03
7.597705116495490074e-04
6.831148057244718075e-04
4.064553068019449711e-04
8.785923128016293049e-04
4.739561118185520172e-04
1.985145034268498421e-03
9.936322458088397980e-04
6.563995848409831524e-04
4.605156136676669121e-04
5.562396254390478134e-04
7.097175111994147301e-04
8.529368205927312374e-04
4.231260973028838634e-04
6.462694727815687656e-04
9.092764812521636486e-04
8.609070791862905025e-04
6.404407904483377934e-04
4.391901893541216850e-04
6.998993922024965286e-04
5.627386271953582764e-04
4.783289041370153427e-04
9.427025797776877880e-04
2.282066084444522858e-02
6.048757932148873806e-04
6.351809715852141380e-04
1.180632039904594421e-03
1.356648048385977745e-03
5.042544216848909855e-04
7.139996741898357868e-04
1.202918007038533688e-03
1.206571003422141075e-03
5.189424264244735241e-04
7.419124012812972069e-04
4.536269116215407848e-04
1.063317991793155670e-03
1.271596993319690228e-03
4.476286994758993387e-04
1.415631035342812538e-03
6.540063186548650265e-04
7.951040170155465603e-04
4.768481012433767319e-04
7.069233106449246407e-04
1.479270053096115589e-03
1.657393993809819221e-03
1.057391986250877380e-03
1.154524972662329674e-03
6.412371876649558544e-04
1.086806994862854481e-03
5.386080010794103146e-04
1.596209942363202572e-03
8.920771069824695587e-04
9.638224728405475616e-04
9.656785987317562103e-04
7.570076268166303635e-04
6.998943281359970570e-04
8.217297727242112160e-04
8.277653832919895649e-04
4.675103118643164635e-04
6.490665255114436150e-04
7.655082154087722301e-04
1.326263998635113239e-03
4.355531127657741308e-04
1.047458965331315994e-03
9.454727987758815289e-04
1.451913965865969658e-03
6.873792735859751701e-04
6.930495728738605976e-04
5.256473086774349213e-04
1.567497034557163715e-03
9.279975784011185169e-04
4.797349101863801479e-04
1.385729992762207985e-03
9.862761944532394409e-04
6.373557262122631073e-04
3.634552995208650827e-04
4.276020044926553965e-04
5.501927225850522518e-04
4.169828898739069700e-04
3.735464124474674463e-04
3.709036100190132856e-04
4.628323949873447418e-04
8.996765827760100365e-04
1.033024047501385212e-03
5.774875171482563019e-04
7.807621150277554989e-04
2.474969020113348961e-03
9.427989134564995766e-04
5.417427164502441883e-04
5.441664252430200577e-04
1.143925008364021778e-03
1.441398984752595425e-03
7.008796092122793198e-04
6.527391960844397545e-04
9.116561268456280231e-04
3.833135124295949936e-04
6.404935265891253948e-04
5.401187227107584476e-04
9.319797973148524761e-04
1.013663946650922298e-03
1.195612945593893528e-03
8.746809908188879490e-04
1.271708984859287739e-03
4.346760106272995472e-04
4.871904093306511641e-04
1.313118031248450279e-03
5.174264078959822655e-04
2.147814026102423668e-03
8.790105930529534817e-04
6.692467723041772842e-04
1.562195015139877796e-03
3.566005907487124205e-04
3.187150869052857161e-04
8.690162212587893009e-04
1.510157017037272453e-03
7.485005189664661884e-04
5.640728049911558628e-04
8.856194908730685711e-04
6.195958121679723263e-04
1.976747997105121613e-03
1.120732980780303478e-03
5.743012879975140095e-04
7.116958731785416603e-04
9.706570999696850777e-04
7.680009002797305584e-04
9.998477762565016747e-04
8.977907127700746059e-04
6.535308202728629112e-04
5.030650063417851925e-04
1.083177048712968826e-03
5.429437733255326748e-04
6.624456727877259254e-04
9.674971806816756725e-04
9.357081144116818905e-04
8.432603208348155022e-04
7.963760290294885635e-04
5.697028245776891708e-04
1.378188957460224628e-03
1.093721017241477966e-03
1.421635039150714874e-03
1.279706018976867199e-03
7.424522773362696171e-04
1.094612991437315941e-03
9.021431906148791313e-04
1.026917947456240654e-03
4.133442125748842955e-04
1.308197970502078533e-03
1.570926047861576080e-03
1.544401049613952637e-03
1.069567981176078320e-03
6.327063892967998981e-04
1.802999991923570633e-03
5.558701814152300358e-04
9.728124714456498623e-04
5.027296137996017933e-04
1.060712966136634350e-03
1.267367973923683167e-03
5.083578871563076973e-04
8.326735114678740501e-04
1.355589018203318119e-03
2.735375019256025553e-04
8.196713170036673546e-04
6.843915907666087151e-04
1.064114039763808250e-03
1.095016021281480789e-03
1.297430950216948986e-03
1.116942963562905788e-03
1.121612964197993279e-03
9.941591415554285049e-04
5.183842149563133717e-04
9.964014170691370964e-04
9.258877253159880638e-04
8.369276765733957291e-04
8.181661833077669144e-04
9.534283890388906002e-04
1.085693947970867157e-03
1.148079987615346909e-03
9.921949822455644608e-04
1.538207987323403358e-03
8.053025230765342712e-04
1.079950947314500809e-03
9.656973998062312603e-04
7.833769777789711952e-04
5.876544164493680000e-04
5.936641828157007694e-04
5.569761269725859165e-04
9.495954145677387714e-04
5.860155215486884117e-04
1.673675025813281536e-03
1.210540998727083206e-03
1.179000944830477238e-03
3.635589091572910547e-04
5.476587102748453617e-04
1.585594029165804386e-03
1.711901975795626640e-03
1.620018039830029011e-03
7.389672100543975830e-04
1.169956987723708153e-03
7.379084709100425243e-04
1.415022998116910458e-03
6.715583149343729019e-04
4.985362756997346878e-04
6.420317804440855980e-04
5.037878872826695442e-04
1.395775005221366882e-03
6.382489809766411781e-04
6.436660769395530224e-04
5.179162253625690937e-04
9.058102732524275780e-04
9.436776163056492805e-04
1.078792032785713673e-03
8.609538781456649303e-04
6.042182794772088528e-04
5.984302842989563942e-04
4.973408067598938942e-04
6.589203258045017719e-04
6.070546223782002926e-04
7.406366057693958282e-04
1.293192035518586636e-03
8.590361103415489197e-04
5.727751995436847210e-04
9.975600987672805786e-04
7.907762774266302586e-04
1.092661987058818340e-03
1.236826996318995953e-03
8.870065212249755859e-04
6.190356216393411160e-04
9.187104878947138786e-04
1.698327017948031425e-03
8.089459734037518501e-04
1.349181984551250935e-03
1.233468996360898018e-03
1.125285052694380283e-03
1.454054960049688816e-03
1.814396004192531109e-03
7.395350839942693710e-04
1.045059994794428349e-03
6.535933935083448887e-04
1.762632047757506371e-03
8.432719041593372822e-04
9.618669282644987106e-04
7.430628756992518902e-04
6.350529147312045097e-04
1.132244011387228966e-03
7.821688195690512657e-04
1.635642023757100105e-03
4.496829933486878872e-04
7.447688840329647064e-04
6.386567838490009308e-04
6.580735207535326481e-04
1.195915974676609039e-03
4.586360009852796793e-04
1.177717000246047974e-03
1.427190029062330723e-03
1.132581033743917942e-03
1.845750957727432251e-03
1.449387986212968826e-03
7.774904952384531498e-04
5.440139211714267731e-04
3.784114087466150522e-04
8.861785172484815121e-04
1.340077025815844536e-03
6.361947162076830864e-04
6.152858259156346321e-04
8.464995189569890499e-04
7.597450749017298222e-04
8.311747224070131779e-04
5.065518780611455441e-04
3.652817104011774063e-04
1.064643962308764458e-03
6.106427754275500774e-04
1.106719020754098892e-03
5.945974262431263924e-04
5.462475819513201714e-04
4.682127910200506449e-04
5.929043982177972794e-04
8.186965133063495159e-04
1.160230021923780441e-03
6.270749727264046669e-04
5.175910191610455513e-04
1.090363948605954647e-03
3.858782001771032810e-04
7.408253150060772896e-04
1.170280971564352512e-03
9.256068151444196701e-04
5.126863834448158741e-04
6.538457237184047699e-04
5.448487936519086361e-04
3.533133130986243486e-04
4.834907012991607189e-04
1.400967943482100964e-03
7.318335119634866714e-04
4.219783004373311996e-04
1.482449006289243698e-03
9.305148851126432419e-04
4.823546914849430323e-04
5.638002185150980949e-04
1.019792049191892147e-03
1.020028954371809959e-03
7.849261746741831303e-04
6.616218015551567078e-04
7.986177806742489338e-04
4.449296975508332253e-04
1.076682005077600479e-03
9.721866808831691742e-04
1.361822010949254036e-03
8.229761733673512936e-04
7.119522197172045708e-04
9.651884902268648148e-04
1.257364056073129177e-03
7.069450803101062775e-04
1.517605967819690704e-03
6.272234022617340088e-04
5.289228865876793861e-04
1.302344957366585732e-03
5.731200217269361019e-04
1.465584035031497478e-03
1.240515965037047863e-03
6.966161890886723995e-04
7.071588770486414433e-04
1.281197997741401196e-03
1.104707946069538593e-03
1.109965960495173931e-03
8.141387952491641045e-04
1.685895957052707672e-03
1.129103009589016438e-03
6.934461998753249645e-04
1.249565975740551949e-03
7.533418829552829266e-04
8.357919869013130665e-04
1.822491991333663464e-03
1.205311971716582775e-03
2.663750899955630302e-03
7.733068196102976799e-04
1.533710048533976078e-03
5.491317715495824814e-04
1.644760021008551121e-03
2.755718014668673277e-04
6.148478714749217033e-04
1.411490957252681255e-03
8.138433913700282574e-04
7.239204132929444313e-04
1.733559998683631420e-03
1.522917998954653740e-03
4.242217110004276037e-04
6.539336172863841057e-04
1.684168004430830479e-03
1.014714012853801250e-03
6.412920192815363407e-04
8.635208941996097565e-04
6.869243807159364223e-04
9.692980092950165272e-04
5.849560257047414780e-04
1.159686013124883175e-03
6.801406270824372768e-04
7.706520264036953449e-04
6.996718002483248711e-04
1.084147952497005463e-03
2.068805973976850510e-03
5.029633757658302784e-04
1.211644965223968029e-03
2.633526921272277832e-03
6.844358285889029503e-04
4.445810045581310987e-04
8.333662990480661392e-04
1.355111948214471340e-03
1.449457951821386814e-03
4.187131125945597887e-04
7.487669936381280422e-04
6.753362249583005905e-04
9.265465778298676014e-04
5.548067274503409863e-04
7.112998864613473415e-04
4.871723940595984459e-04
1.005343976430594921e-03
1.653612009249627590e-03
1.331123989075422287e-03
6.149205146357417107e-04
8.104076841846108437e-04
8.211251115426421165e-04
6.678099744021892548e-04
7.892911089584231377e-04
3.848157939501106739e-04
8.361007785424590111e-04
3.627430123742669821e-04
7.716314867138862610e-04
1.833252958022058010e-03
1.333002001047134399e-03
1.583029050379991531e-03
6.151144043542444706e-04
5.076355882920324802e-04
1.022270997054874897e-03
2.147895982488989830e-03
7.215894875116646290e-04
5.967699107713997364e-04
9.067545761354267597e-04
1.411876990459859371e-03
6.923322216607630253e-04
1.247484004124999046e-03
1.207654946483671665e-03
6.980496109463274479e-04
5.389890866354107857e-04
5.917192902415990829e-04
1.583419973030686378e-03
9.639710769988596439e-04
1.285235048271715641e-03
7.118866778910160065e-04
5.053096101619303226e-04
1.679818960838019848e-03
7.337016868405044079e-04
1.442459993995726109e-03
1.068906974978744984e-03
2.392545109614729881e-03
5.368387210182845592e-04
9.140719776041805744e-04
1.121122972108423710e-03
5.170840886421501637e-04
6.018790882080793381e-04
8.353795274160802364e-04
7.599283126182854176e-04
2.356911078095436096e-03
8.629608200863003731e-04
2.739588089752942324e-04
1.159174949862062931e-03
5.780130159109830856e-04
6.328137242235243320e-04
1.889755018055438995e-03
2.375792944803833961e-03
1.239634002558887005e-03
1.030719024129211903e-03
9.229740826413035393e-04
1.323555945418775082e-03
1.150588970631361008e-03
3.665834083221852779e-04
7.513199234381318092e-04
1.008347957395017147e-03
6.352427881211042404e-04
5.409537116065621376e-04
1.028661965392529964e-03
9.005288011394441128e-04
1.235433039255440235e-03
1.146403956227004528e-03
6.903951871208846569e-04
1.327426056377589703e-03
4.788729129359126091e-04
1.468200003728270531e-03
1.022284035570919514e-03
7.798310834914445877e-04
2.018644008785486221e-03
1.702700043097138405e-03
2.271231962367892265e-03
1.546629006043076515e-03
2.661714097484946251e-03
1.245327992364764214e-03
1.808022963814437389e-03
2.299125073477625847e-03
1.497050980105996132e-03
1.606096047908067703e-03
1.484130043536424637e-03
1.575637026689946651e-03
1.601038966327905655e-03
1.238852972164750099e-03
1.283325953409075737e-03
2.302099019289016724e-03
1.297940965741872787e-03
1.470178947784006596e-03
1.458837999962270260e-03
1.694282051175832748e-03
1.801381004042923450e-03
1.506646047346293926e-03
1.125972019508481026e-03
2.219405956566333771e-03
1.924026990309357643e-03
1.564863021485507488e-03
3.519586054608225822e-03
1.599212992005050182e-03
1.426995033398270607e-03
1.272320048883557320e-03
2.356943907216191292e-03
1.706302049569785595e-03
1.503017032518982887e-03
2.586960094049572945e-03
4.121408797800540924e-03
1.250274013727903366e-03
1.789306057617068291e-03
1.507168984971940517e-03
2.180529991164803505e-03
2.750888932496309280e-03
2.250998048111796379e-03
1.272332970984280109e-03
