306
409
420
311
417
411
441
345
465
480
335
328
485
467
366
398
341
328
434
375
488
353
350
410
301
459
467
450
441
328
454
305
497
379
495
342
426
477
493
420
404
395
475
388
387
331
303
347
349
358
312
376
406
360
339
425
354
485
487
467
461
392
436
281
268
334
284
495
371
406
317
382
446
349
311
303
180
321
360
431
453
467
323
381
316
319
433
497
460
325
453
430
348
430
453
475
325
305
412
341
266
391
481
228
316
433
337
439
482
415
401
498
443
322
341
362
341
318
364
374
421
321
432
398
356
470
377
459
406
317
369
311
339
331
360
353
361
300
355
397
491
317
302
399
321
315
432
314
485
308
312
365
315
431
421
482
312
444
342
498
434
456
320
391
482
317
467
452
211
498
371
334
376
465
391
396
495
325
495
332
436
416
396
341
382
364
477
497
371
352
244
304
496
368
491
330
324
369
366
352
327
300
352
307
323
491
318
368
303
310
490
426
332
382
306
403
421
466
497
372
414
383
368
304
308
354
334
486
493
450
372
327
332
417
420
413
348
306
335
387
406
411
399
319
361
493
370
475
381
324
437
354
326
345
480
408
203
482
400
326
481
259
353
420
365
337
312
488
335
353
387
332
478
439
461
337
380
387
334
491
432
332
364
409
381
307
394
463
351
349
304
472
306
404
374
487
477
489
412
437
454
312
475
453
493
450
346
236
461
339
345
355
494
456
309
482
342
418
407
388
246
330
319
300
313
356
383
405
335
463
484
342
411
416
343
353
363
323
374
417
400
319
362
357
377
344
394
348
336
366
481
393
396
320
490
469
392
424
390
239
358
497
421
304
354
424
471
391
397
341
492
387
472
305
482
352
301
435
343
415
400
316
310
390
352
458
320
386
434
333
440
488
393
454
404
457
315
411
302
312
496
318
308
380
320
343
313
357
476
440
416
350
470
459
408
391
359
349
426
366
468
458
379
332
327
301
449
487
377
369
492
309
201
345
378
377
333
332
368
406
344
411
425
303
301
231
381
313
334
302
471
224
318
461
386
390
338
392
453
319
293
391
434
306
347
362
310
339
359
372
340
427
344
345
325
304
335
375
429
334
469
300
367
355
427
378
337
330
317
430
303
322
404
498
351
346
310
455
316
303
323
498
216
489
414
486
301
398
323
431
360
432
309
344
496
430
422
330
379
348
385
491
352
429
421
398
413
391
302
434
328
394
325
461
429
409
410
370
378
458
374
453
352
498
486
413
446
338
430
167
435
374
326
339
380
314
425
453
404
430
462
355
362
491
401
367
488
330
311
379
429
405
481
476
424
390
381
326
430
325
437
394
300
446
451
477
314
336
369
395
354
478
378
373
447
307
330
333
349
352
339
409
352
376
437
442
496
472
396
328
364
306
393
351
209
358
331
340
317
314
420
328
361
330
300
375
494
430
452
365
481
343
339
364
331
325
373
376
489
228
482
466
311
430
379
344
318
375
455
337
436
332
397
451
315
476
495
300
364
384
483
448
464
466
347
384
349
331
450
430
308
257
363
373
156
311
365
249
389
373
364
421
374
445
494
257
386
322
399
360
419
388
494
352
369
374
301
455
335
372
435
361
402
376
319
358
450
491
329
306
307
341
334
378
246
335
342
345
321
475
464
424
302
417
350
432
371
355
400
406
315
344
319
363
496
315
349
473
342
439
431
453
475
396
487
419
423
371
490
358
368
216
426
419
318
431
364
427
326
409
359
321
453
453
421
431
303
419
478
484
402
350
445
456
336
345
319
464
457
461
341
468
475
310
352
464
316
373
413
318
335
313
342
402
313
407
309
425
488
401
376
312
303
374
416
383
397
353
465
445
421
328
329
478
237
302
209
375
263
374
433
437
391
399
336
410
482
426
276
308
317
486
345
363
467
444
257
347
431
465
350
422
300
357
474
323
461
463
461
416
445
320
196
440
332
461
391
373
419
485
486
366
327
322
432
418
476
438
489
493
335
355
377
323
443
457
301
354
338
407
363
318
453
343
359
439
427
357
353
346
383
476
407
254
447
428
302
455
406
350
304
471
440
482
467
489
401
356
373
488
308
344
305
359
366
472
315
351
486
351
372
319
457
332
426
340
459
440
438
395
327
334
394
402
355
429
344
458
352
309
303
377
450
469
446
324
438
444
486
308
309
243
390
334
428
463
215
306
304
347
342
429
437
384
414
286
481
450
343
418
343
455
315
399
419
328
315
220
302
305
460
378
481
310
418
428
482
426
478
370
324
454
314
339
442
306
312
467
353
438
303
423
441
300
417
490
471
307
423
475
434
441
349
439
433
385
433
346
477
311
488
439
323
396
404
475
314
485
418
463
446
348
304
418
403
480
201
310
304
398
421
339
455
353
339
315
358
329
373
444
311
302
377
387
359
369
342
433
413
301
487
383
410
426
446
411
390
394
497
362
428
356
252
324
344
456
470
342
493
400
429
469
394
333
327
350
406
408
428
437
319
341
317
474
407
313
421
308
419
359
309
334
411
457
480
438
338
314
483
441
467
400
391
358
412
326
443
330
381
274
314
329
489
446
300
373
331
434
422
487
445
226
358
346
416
433
483
330
497
384
414
350
479
465
317
419
450
486
343
446
352
357
158
354
254
329
419
319
497
380
486
431
314
351
308
373
464
301
474
302
307
487
393
359
206
380
450
418
321
480
414
489
387
326
345
342
429
404
368
399
427
464
462
494
446
253
328
372
457
463
319
277
327
370
388
481
314
382
315
346
435
360
320
307
329
483
341
378
459
496
430
497
408
348
383
494
491
434
438
366
466
494
385
429
372
497
453
312
380
334
339
492
332
364
358
374
369
355
491
477
415
428
431
433
361
368
430
406
329
414
219
444
323
362
465
466
307
487
303
374
306
390
320
429
303
422
221
420
311
332
484
391
447
362
300
394
438
340
483
423
419
441
426
319
415
325
392
332
472
498
458
300
434
320
472
320
398
471
324
439
311
387
406
399
375
428
443
323
479
303
454
317
315
457
464
371
461
350
301
365
346
450
331
316
456
256
360
471
321
376
332
369
484
425
450
396
314
353
396
308
370
323
332
351
460
300
300
322
371
335
487
420
433
460
372
337
362
453
407
374
399
462
433
484
256
304
348
464
326
388
346
417
428
427
405
373
342
487
327
356
339
312
366
477
370
333
391
475
436
474
427
476
473
355
303
348
364
456
436
424
314
363
443
391
377
389
376
491
455
386
320
447
409
405
457
303
488
420
489
425
361
488
374
437
410
304
309
465
493
482
377
365
410
392
409
422
461
314
339
416
379
330
332
322
345
407
387
339
402
400
485
387
417
300
380
383
393
453
334
475
374
497
361
340
355
408
373
377
498
402
483
327
460
284
490
486
435
389
201
498
305
350
429
296
448
373
387
392
448
449
330
488
383
361
305
305
417
301
355
426
358
404
433
439
408
310
209
387
329
302
374
489
331
359
443
459
344
266
416
419
231
339
475
399
303
328
359
327
415
367
487
391
473
448
447
362
466
321
302
385
185
446
338
452
340
409
245
491
375
423
371
312
445
494
464
322
447
358
334
345
329
401
469
483
464
305
347
430
330
417
406
427
419
454
456
276
436
315
484
393
363
463
465
376
440
432
412
311
347
307
450
381
344
358
351
386
465
325
314
374
404
241
377
330
311
308
308
364
366
206
426
343
437
448
256
309
334
480
361
496
473
328
407
321
404
322
334
308
374
483
361
402
414
448
363
362
400
461
489
319
311
360
392
430
439
380
317
335
452
447
455
325
354
357
309
410
339
441
458
434
350
281
429
367
389
313
309
417
354
301
413
401
341
445
436
370
328
385
493
433
359
399
402
466
430
340
372
357
395
211
375
331
300
478
184
452
398
375
375
400
477
345
397
319
390
486
369
334
357
379
456
329
349
399
396
494
206
345
406
321
392
440
425
306
300
434
419
425
461
495
465
432
375
492
310
331
387
362
367
471
491
463
330
304
323
334
429
349
328
329
320
306
444
447
454
419
323
375
386
325
390
358
496
455
482
381
319
351
427
417
378
399
491
394
465
450
329
337
471
484
304
331
308
403
360
384
341
399
374
314
351
391
466
422
312
377
324
309
497
363
338
345
348
339
319
468
485
329
360
400
450
459
333
441
426
491
305
372
487
396
339
381
398
427
367
231
442
439
427
486
393
449
301
333
318
315
219
320
409
384
480
318
328
440
404
497
264
489
489
488
334
409
400
385
374
340
433
340
452
381
405
466
480
467
426
477
411
446
374
475
241
468
452
406
360
409
375
205
313
300
307
373
352
306
419
319
343
486
355
330
453
392
312
383
384
381
387
403
308
375
475
365
407
350
347
461
423
439
314
400
322
317
446
345
484
324
360
431
497
318
317
372
332
373
421
412
417
437
316
344
395
364
366
439
368
477
363
435
429
330
363
411
342
438
426
458
398
395
339
301
321
221
325
410
343
358
327
412
371
307
358
368
363
340
468
404
436
332
406
313
303
332
302
360
445
370
269
379
450
473
309
339
312
362
465
407
493
447
430
424
332
322
410
346
374
328
341
427
467
376
318
352
385
479
311
483
434
423
432
355
387
400
334
334
333
353
353
487
390
341
311
427
331
311
312
379
454
321
456
469
316
458
430
377
339
351
314
495
474
428
318
305
353
365
267
321
369
413
487
408
465
311
423
303
364
317
426
362
441
425
496
362
341
307
391
311
487
495
407
333
400
496
343
253
448
370
492
497
354
347
415
396
491
353
444
420
480
336
301
358
412
448
468
337
331
449
311
326
457
454
336
353
424
314
309
493
439
482
397
497
478
398
346
319
367
355
379
404
307
468
358
497
457
367
306
324
341
429
397
347
369
494
472
348
314
387
418
296
326
308
353
450
313
371
327
395
416
350
344
383
392
494
449
424
367
478
473
310
469
410
320
467
439
496
343
306
338
454
339
372
328
363
402
426
349
438
488
412
374
329
264
367
453
448
333
221
441
442
455
490
387
364
335
350
442
461
226
351
461
422
303
310
365
475
394
239
215
465
401
363
410
216
412
476
304
443
310
478
493
424
378
353
376
336
315
356
376
337
482
312
483
464
403
330
368
303
385
480
319
320
447
428
341
460
441
401
333
306
440
458
450
315
384
476
430
406
300
455
338
404
310
356
326
411
302
448
404
306
441
385
392
286
426
410
409
342
490
399
382
467
421
446
308
350
317
471
417
302
236
491
354
394
379
472
461
381
345
347
303
361
488
498
497
449
352
469
476
425
363
398
468
451
369
479
413
443
479
324
454
237
308
372
377
482
350
448
357
304
370
394
213
387
349
374
452
422
347
455
344
482
313
349
474
349
377
303
464
201
366
301
317
477
391
453
327
449
442
414
451
473
386
309
342
367
436
334
350
340
336
399
334
323
385
309
364
398
389
439
479
392
325
387
326
397
314
317
447
305
308
485
395
390
389
376
303
244
435
334
421
495
394
319
408
410
388
407
344
435
462
461
448
486
428
429
365
431
482
408
454
267
390
419
427
310
165
305
209
328
411
311
358
346
316
492
433
463
351
326
424
479
439
378
317
302
343
368
497
370
364
370
471
378
362
388
477
310
327
385
430
381
467
446
494
414
476
424
453
476
457
440
332
338
487
327
402
354
423
427
404
366
381
335
434
374
314
331
354
389
420
462
441
482
448
371
471
371
313
326
345
311
350
486
349
338
482
489
165
353
430
326
337
304
413
424
310
327
369
334
327
304
389
352
430
303
436
347
439
409
315
456
344
323
349
456
349
425
467
350
367
390
345
406
321
461
368
490
431
456
433
473
353
453
365
339
498
302
424
368
311
439
377
452
444
425
305
301
408
442
353
300
349
370
377
394
368
314
361
374
368
400
356
425
482
360
308
344
462
332
305
486
398
339
445
369
316
311
449
324
408
453
348
354
370
313
329
439
445
478
423
306
354
461
420
344
417
329
398
305
269
341
425
437
495
372
403
306
332
360
464
469
372
468
349
428
389
385
341
466
380
399
380
432
309
414
440
381
344
485
481
338
495
458
323
426
403
407
340
469
410
389
413
319
485
330
305
378
475
304
350
359
439
366
323
406
347
302
436
313
302
428
477
429
427
450
478
354
282
367
314
413
419
401
352
306
440
390
433
401
271
471
340
401
457
403
373
328
433
407
469
401
482
428
347
306
449
332
352
420
372
170
355
333
321
317
467
310
421
449
311
402
394
425
485
367
496
428
335
403
436
409
425
391
358
395
330
350
331
362
381
303
473
337
301
432
311
442
368
473
456
480
303
484
415
319
409
314
432
429
403
396
458
348
312
392
457
349
384
313
488
347
382
469
472
462
383
308
421
324
318
404
368
444
379
466
464
318
483
335
430
363
378
426
435
381
305
392
409
321
415
353
341
478
255
457
425
417
317
407
485
329
439
431
312
423
393
334
355
448
303
303
311
460
377
365
424
460
308
392
463
375
492
350
362
450
306
375
340
420
316
443
341
331
326
414
366
375
492
386
364
411
344
456
335
365
365
389
494
431
316
385
303
469
486
319
400
394
309
360
356
356
424
353
417
338
399
344
301
410
343
320
448
303
412
391
462
390
368
301
479
380
467
216
370
467
327
494
445
347
317
379
412
319
488
463
321
418
495
331
321
357
444
354
305
414
360
408
280
332
423
301
457
425
302
328
337
351
482
319
473
317
325
302
181
335
440
372
272
324
316
448
370
371
400
480
494
408
411
395
344
464
351
378
371
484
425
306
402
383
431
309
412
330
455
435
462
305
389
416
419
443
302
424
406
484
498
318
327
344
314
345
328
390
440
412
427
376
414
330
329
373
398
236
324
304
406
458
323
324
348
381
368
411
399
476
432
321
326
460
422
394
262
442
364
364
364
405
413
335
438
329
231
410
338
335
469
345
362
390
452
488
224
464
352
469
323
393
401
419
451
428
371
350
439
449
406
371
319
402
345
457
396
408
314
419
337
329
473
339
333
379
356
351
456
398
331
313
331
354
346
310
319
360
368
342
462
309
351
487
412
367
322
494
383
390
477
404
312
437
420
307
424
361
489
392
340
365
346
309
488
495
324
272
382
495
460
330
418
387
452
201
370
456
379
459
302
339
364
346
426
469
414
454
350
439
318
427
466
425
361
390
489
438
337
480
318
473
407
457
354
434
330
452
482
344
322
391
351
363
314
328
306
356
352
468
452
362
317
388
201
467
403
413
384
337
363
382
398
382
441
232
354
364
467
417
492
446
374
485
363
304
354
411
404
493
485
375
473
458
303
361
407
400
332
476
453
489
426
380
465
305
301
394
352
312
316
407
364
493
375
360
174
472
436
420
358
441
427
344
379
408
377
456
473
316
192
474
334
453
355
472
439
431
346
410
351
485
407
370
329
430
343
352
440
391
302
446
446
402
332
344
314
394
442
331
389
236
466
435
262
476
320
339
491
230
441
442
441
313
448
482
357
395
207
332
306
366
362
405
367
351
277
451
424
350
474
404
387
458
451
324
405
370
316
367
329
400
335
363
390
430
375
428
334
420
431
367
332
474
429
357
324
262
387
420
394
395
311
315
330
471
320
420
368
403
420
344
321
322
430
430
403
308
451
313
364
480
398
383
357
310
426
389
343
435
246
428
311
416
358
406
440
493
385
440
397
447
308
432
380
453
469
313
233
457
320
328
379
366
442
392
349
350
340
339
408
383
456
300
426
417
331
397
343
444
483
317
321
465
390
452
455
356
415
302
314
300
371
355
442
360
494
497
478
465
341
450
343
384
366
387
328
483
484
447
471
360
460
322
316
381
372
443
302
471
381
282
403
347
338
438
329
255
340
481
322
484
467
306
351
320
390
402
333
420
327
415
343
364
300
384
469
409
473
412
309
494
376
421
369
384
396
374
346
389
469
423
439
348
398
433
475
311
425
470
478
481
189
301
338
272
423
310
424
328
382
329
377
389
389
308
339
459
376
418
438
405
337
302
281
385
395
421
252
388
317
322
486
334
325
301
465
357
333
406
431
344
455
385
458
434
336
302
300
410
330
338
341
321
388
484
409
458
383
266
396
471
357
450
314
314
368
488
361
303
463
321
467
349
496
375
332
356
369
498
353
303
346
341
302
331
390
320
387
367
327
359
318
428
483
425
313
449
489
353
305
369
332
491
303
457
399
323
413
447
378
483
376
337
330
443
491
494
367
411
377
317
361
485
431
384
416
205
387
431
424
312
320
305
369
422
314
394
469
439
266
483
323
417
361
376
417
408
438
341
392
490
369
347
468
338
328
404
323
318
253
335
369
470
460
480
367
433
410
466
474
460
415
491
309
445
407
467
482
477
432
479
346
459
383
363
361
336
321
314
496
475
458
393
366
439
333
460
326
314
433
428
308
431
306
469
483
494
473
411
334
460
469
361
491
433
447
438
324
329
473
379
399
441
443
333
328
332
345
364
396
455
464
492
251
311
448
337
421
458
351
445
306
407
329
413
309
475
464
436
382
440
444
377
332
359
333
412
321
304
376
412
455
492
362
471
473
395
446
432
323
375
308
436
381
466
426
390
347
414
328
388
442
366
308
342
414
466
378
451
430
405
457
342
424
343
392
349
318
225
438
378
325
479
352
379
303
361
306
387
447
336
314
332
424
368
347
345
498
346
302
466
379
455
321
180
307
445
374
357
368
427
491
481
347
318
384
329
471
419
335
336
459
387
303
383
485
312
384
338
478
335
330
431
492
343
393
429
415
429
360
310
304
436
389
327
484
430
397
361
481
321
489
472
406
365
465
393
443
325
459
308
413
412
417
339
413
450
414
315
368
335
363
379
427
362
343
360
304
334
241
337
376
385
417
408
434
432
300
336
314
469
417
383
330
368
362
390
370
459
434
321
326
495
439
376
333
455
388
333
383
454
330
390
314
360
383
395
423
409
311
357
366
341
478
482
316
364
450
306
481
477
329
351
313
448
436
309
325
430
330
416
336
385
362
430
339
426
334
378
387
468
359
324
329
306
327
348
394
461
468
369
334
380
308
425
417
369
346
483
439
435
465
345
388
325
490
410
350
465
366
355
342
345
376
345
309
405
473
386
409
363
355
312
493
300
260
344
425
495
420
394
385
447
324
440
469
451
220
304
412
482
491
325
306
366
369
322
378
378
450
367
493
481
467
482
382
371
365
313
300
475
392
304
355
492
332
321
400
335
349
457
340
419
319
309
323
265
352
471
380
360
486
471
364
300
471
327
368
467
402
352
379
256
395
311
404
440
452
329
435
319
324
429
436
443
420
328
358
390
386
495
477
474
434
300
319
478
313
409
177
220
374
325
482
361
403
344
387
392
490
394
384
327
341
302
446
371
341
407
360
357
452
324
346
350
315
481
465
453
465
418
304
419
405
321
305
444
410
413
497
305
380
418
237
354
476
340
405
407
450
345
348
428
306
435
327
321
475
393
333
497
377
329
349
482
338
322
282
343
360
423
324
370
404
440
454
432
379
335
397
466
396
439
332
363
396
308
343
447
477
263
360
328
345
381
363
294
393
325
308
315
369
293
383
344
385
412
457
453
434
365
370
223
384
328
324
296
418
316
435
486
379
317
467
335
487
341
394
394
463
315
480
305
412
477
448
424
352
497
387
431
498
196
469
455
483
353
425
333
357
447
307
432
341
455
442
366
415
364
454
403
311
316
394
394
439
442
358
309
441
346
154
365
442
451
370
443
216
490
318
410
358
415
321
355
428
461
489
354
442
478
353
457
484
322
354
428
484
464
196
409
300
307
319
323
361
306
330
468
392
330
367
377
338
386
442
365
315
420
367
418
498
328
479
367
402
473
455
303
320
276
348
350
425
317
336
400
452
485
326
308
228
437
398
330
482
349
344
388
398
309
425
303
378
371
496
446
480
408
472
413
306
346
411
480
473
411
359
477
415
351
416
343
409
371
306
365
332
300
491
364
446
320
451
417
453
479
386
305
388
300
377
439
434
438
374
460
398
350
324
381
345
450
347
432
427
383
411
341
332
323
407
484
346
467
326
444
462
483
387
384
404
361
372
409
438
262
487
398
322
471
329
317
316
374
430
444
386
440
325
236
402
372
459
431
302
313
346
492
402
307
332
314
457
312
330
406
386
487
353
257
385
269
417
433
348
423
364
377
362
236
384
367
344
379
364
349
323
443
327
385
336
356
332
461
423
394
392
454
466
491
400
312
427
341
461
216
312
338
481
452
311
449
472
428
315
350
389
349
402
416
477
421
428
488
449
201
387
327
486
464
496
429
433
473
433
495
492
348
365
475
336
392
329
306
387
367
306
443
325
451
276
392
319
166
309
462
337
302
467
407
321
435
395
457
416
444
453
454
304
319
367
379
442
497
343
366
324
469
368
394
380
363
346
371
477
358
430
490
373
378
409
352
477
488
413
444
375
352
432
481
430
475
469
389
416
493
471
328
316
397
442
381
461
394
306
485
196
365
363
393
369
433
387
444
404
465
405
443
318
314
428
475
309
398
306
308
438
405
368
395
469
355
306
410
350
441
485
216
234
373
297
310
324
323
310
341
423
373
355
386
493
425
361
385
445
402
333
327
453
439
416
466
352
415
372
315
381
478
422
313
363
333
418
490
478
310
475
438
253
443
485
370
493
380
409
310
382
309
486
346
258
401
403
312
498
305
420
349
422
332
333
322
407
493
317
424
439
407
450
364
362
317
354
421
496
302
451
329
379
357
479
315
461
441
347
303
479
459
392
367
326
401
360
466
301
391
303
466
226
419
401
387
359
311
322
359
446
489
332
426
407
381
306
357
489
339
459
423
323
356
418
336
427
304
384
379
323
315
305
357
392
421
457
496
356
309
475
375
421
426
492
426
353
352
477
390
474
459
496
323
300
196
421
360
309
470
353
370
414
406
412
441
436
428
327
389
313
383
341
340
343
336
396
336
356
399
246
385
446
483
455
357
347
379
379
334
305
397
317
337
434
449
384
341
301
301
405
388
460
405
318
363
370
359
344
447
380
334
346
437
380
484
383
446
446
338
478
429
407
372
409
365
407
319
343
417
329
440
304
402
411
492
334
385
330
498
300
341
348
320
321
322
458
373
336
242
414
322
392
206
326
470
307
364
234
317
387
307
486
300
306
381
374
352
435
302
366
405
329
396
353
421
391
351
444
390
342
474
381
345
447
365
347
311
406
304
467
433
472
493
380
319
376
313
417
416
463
444
328
304
305
389
354
481
209
353
333
472
496
413
385
457
266
397
333
441
374
349
392
365
334
461
192
498
306
440
495
326
375
445
459
338
453
332
307
474
461
391
467
332
457
438
351
415
399
379
391
308
440
350
335
419
497
309
453
421
351
336
331
385
452
348
491
455
368
304
319
486
495
369
311
359
373
343
310
330
334
413
387
318
429
368
427
494
340
329
396
458
444
313
430
361
326
325
442
304
457
389
353
477
413
457
327
327
331
447
352
341
398
255
311
366
465
346
330
397
424
300
302
368
469
331
352
404
341
359
301
390
412
476
270
317
395
396
385
353
329
367
316
327
435
359
376
358
393
377
333
334
429
405
390
406
223
405
338
393
374
447
475
329
322
474
354
495
473
342
378
495
476
332
330
482
390
423
320
392
376
482
427
315
316
313
472
473
461
368
354
200
378
431
233
381
416
402
446
341
459
443
437
310
386
385
478
453
466
444
385
451
303
427
406
347
451
419
305
391
354
465
385
407
425
314
474
419
373
417
404
445
395
354
368
372
398
327
309
304
382
175
468
414
364
335
367
497
383
392
377
437
395
382
329
484
376
427
371
496
488
326
439
344
317
440
372
316
311
248
422
455
315
361
445
351
482
370
450
426
323
400
414
334
468
445
421
468
351
466
309
471
304
337
381
433
201
315
396
384
493
373
469
339
434
497
443
491
443
476
346
475
348
429
493
407
395
484
425
356
302
385
316
393
338
400
303
369
352
402
388
319
437
361
494
416
370
480
350
378
440
350
348
455
368
323
304
333
361
456
407
302
421
453
229
339
389
328
397
451
350
334
417
371
447
432
409
442
389
416
357
339
251
396
323
455
379
315
468
346
341
471
340
433
442
465
386
348
377
320
336
313
332
307
463
324
475
444
402
329
347
387
484
211
339
479
337
301
359
479
418
379
434
399
395
378
398
485
340
306
419
309
242
315
216
329
370
221
316
457
386
431
495
314
422
406
487
405
491
370
270
346
404
449
433
442
437
303
367
486
359
435
421
392
368
348
446
267
390
328
450
388
378
346
442
256
410
358
302
310
336
313
321
359
340
430
343
404
421
240
351
308
336
412
399
434
370
404
334
410
414
326
331
216
352
458
358
379
353
472
494
319
481
438
406
410
488
369
359
412
440
465
473
359
320
419
357
317
459
345
402
438
452
329
397
487
314
380
330
408
350
331
375
320
474
481
336
414
338
446
426
332
315
466
344
301
226
369
471
335
223
441
381
421
329
458
346
375
302
485
232
480
498
364
319
327
269
438
370
417
362
449
400
302
358
356
407
420
460
344
444
331
366
388
385
310
498
462
430
349
490
462
481
319
327
380
366
406
369
340
358
434
431
326
331
412
423
439
334
418
387
474
385
301
352
403
357
441
332
360
464
455
